0.03
0.00
0.01
0.02
0.02
0.04
0.05
0.07
0.09
0.12
0.14
0.18
0.26
0.30
0.34
0.38
0.47
0.54
0.67
0.75
0.85
1.04
1.17
1.31
1.44
1.67
1.86
2.13
2.29
2.48
2.83
2.96
3.30
3.58
3.71
4.24
4.65
4.90
5.50
5.87
6.31
6.76
7.28
8.28
8.12
9.96
11.01
11.08
11.50
12.22
13.53
13.78
13.46
16.29
15.29
19.71
19.90
20.02
22.00
22.52
24.16
27.11
27.99
27.25
30.98
32.46
32.55
35.94
37.35
39.19
41.02
42.39
41.93
47.83
49.52
43.20
53.03
55.52
58.00
62.30
59.02
61.96
64.59
72.75
74.80
71.99
80.42
83.13
82.75
89.38
92.36
90.28
0.48
101.67
99.92
107.09
112.27
114.11
0.53
120.20
125.11
135.80
141.01
144.66
0.58
145.17
153.72
153.81
166.91
173.19
167.51
185.09
182.06
181.99
198.80
207.10
0.73
218.85
220.70
227.24
236.24
229.88
0.91
261.13
248.18
271.64
287.71
265.71
277.81
297.54
290.46
319.39
303.94
311.79
317.98
379.20
382.11
347.14
380.38
395.20
362.09
419.19
425.10
444.92
417.44
428.46
439.46
447.26
475.28
470.87
536.11
531.72
543.51
578.60
541.20
600.63
572.20
576.18
611.10
645.84
613.33
610.89
673.76
651.97
679.47
702.42
703.09
781.68
757.29
841.83
820.88
972.70
835.79
818.26
897.67
822.42
861.99
845.42
871.53
932.54
938.04
946.04
948.03
922.54
1027.31
2.98
970.37
987.13
1026.16
1065.54
1126.37
1039.49
1075.12
1175.78
1184.95
1240.77
1145.71
3.15
1231.08
1317.68
