0.075000 0.075000
0.126744 0.072861

0.126744 0.072861
0.117995 0.078406

0.126744 0.072861
0.117567 0.068057

0.075000 0.075000
0.126744 0.072861

0.050000 0.100000
0.100911 0.097641

0.100911 0.097641
0.092329 0.103141

0.100911 0.097641
0.091857 0.092959

0.050000 0.100000
0.100911 0.097641

0.025000 0.075000
0.075400 0.073765

0.075400 0.073765
0.066794 0.079019

0.075400 0.073765
0.066547 0.068939

0.025000 0.075000
0.075400 0.073765

0.150000 0.050000
0.204420 0.047939

0.204420 0.047939
0.195200 0.053738

0.204420 0.047939
0.194788 0.042854

0.150000 0.050000
0.204420 0.047939

0.100000 0.050000
0.152359 0.048298

0.152359 0.048298
0.143460 0.053828

0.152359 0.048298
0.143120 0.043357

0.100000 0.050000
0.152359 0.048298

0.150000 0.000000
0.204420 0.000000

0.204420 0.000000
0.194994 0.005442

0.204420 0.000000
0.194994 -0.005442

0.150000 0.000000
0.204420 0.000000

0.050000 0.450000
0.098160 0.448401

0.098160 0.448401
0.089978 0.453494

0.098160 0.448401
0.089658 0.443862

0.050000 0.450000
0.098160 0.448401

0.000000 0.450000
0.050000 0.450000

0.050000 0.450000
0.041340 0.455000

0.050000 0.450000
0.041340 0.445000

0.000000 0.450000
0.050000 0.450000

0.050000 0.400000
0.098489 0.396561

0.098489 0.396561
0.090434 0.402005

0.098489 0.396561
0.089746 0.392308

0.050000 0.400000
0.098489 0.396561

0.050000 0.550000
0.098532 0.551630

0.098532 0.551630
0.089963 0.556201

0.098532 0.551630
0.090289 0.546494

0.050000 0.550000
0.098532 0.551630

0.000000 0.550000
0.050000 0.550000

0.050000 0.550000
0.041340 0.555000

0.050000 0.550000
0.041340 0.545000

0.000000 0.550000
0.050000 0.550000

0.050000 0.500000
0.098346 0.500162

0.098346 0.500162
0.089956 0.504968

0.098346 0.500162
0.089988 0.495299

0.050000 0.500000
0.098346 0.500162

0.050000 0.850000
0.101338 0.853294

0.101338 0.853294
0.092117 0.857857

0.101338 0.853294
0.092776 0.847589

0.050000 0.850000
0.101338 0.853294

0.000000 0.850000
0.050000 0.850000

0.050000 0.850000
0.041340 0.855000

0.050000 0.850000
0.041340 0.845000

0.000000 0.850000
0.050000 0.850000

0.050000 0.800000
0.101057 0.804632

0.101057 0.804632
0.091750 0.808935

0.101057 0.804632
0.092677 0.798724

0.050000 0.800000
0.101057 0.804632

0.250000 0.850000
0.307782 0.857775

0.307782 0.857775
0.296997 0.862207

0.307782 0.857775
0.298552 0.850650

0.250000 0.850000
0.307782 0.857775

0.200000 0.850000
0.255591 0.857154

0.255591 0.857154
0.245247 0.861474

0.255591 0.857154
0.246678 0.850356

0.200000 0.850000
0.255591 0.857154

0.250000 0.800000
0.305416 0.809966

0.305416 0.809966
0.294821 0.813781

0.305416 0.809966
0.296815 0.802698

0.250000 0.800000
0.305416 0.809966

0.550000 1.000000
0.618619 1.000000

0.618619 1.000000
0.606734 1.006862

0.618619 1.000000
0.606734 0.993138

0.550000 1.000000
0.618619 1.000000

0.500000 0.950000
0.569669 0.949822

0.569669 0.949822
0.557620 0.956820

0.569669 0.949822
0.557584 0.942886

0.500000 0.950000
0.569669 0.949822

0.550000 0.950000
0.618620 0.948951

0.618620 0.948951
0.606840 0.955995

0.618620 0.948951
0.606630 0.942271

0.550000 0.950000
0.618620 0.948951

0.350000 0.750000
0.405832 0.760856

0.405832 0.760856
0.395076 0.764559

0.405832 0.760856
0.397247 0.753392

0.350000 0.750000
0.405832 0.760856

0.300000 0.750000
0.354364 0.761067

0.354364 0.761067
0.343841 0.764587

0.354364 0.761067
0.346055 0.753714

0.300000 0.750000
0.354364 0.761067

0.350000 0.700000
0.400055 0.712324

0.400055 0.712324
0.390152 0.715195

0.400055 0.712324
0.392617 0.705184

0.350000 0.700000
0.400055 0.712324

0.150000 0.950000
0.204852 0.952204

0.204852 0.952204
0.195131 0.957307

0.204852 0.952204
0.195572 0.946337

0.150000 0.950000
0.204852 0.952204

0.150000 1.000000
0.204851 1.000000

0.204851 1.000000
0.195351 1.005485

0.204851 1.000000
0.195351 0.994515

0.150000 1.000000
0.204851 1.000000

0.100000 0.950000
0.152648 0.951862

0.152648 0.951862
0.143343 0.956804

0.152648 0.951862
0.143715 0.946275

0.100000 0.950000
0.152648 0.951862

0.075000 0.975000
0.126886 0.976030

0.126886 0.976030
0.117796 0.981040

0.126886 0.976030
0.118002 0.970663

0.075000 0.975000
0.126886 0.976030

0.050000 1.000000
0.101323 1.000000

0.101323 1.000000
0.092433 1.005132

0.101323 1.000000
0.092433 0.994868

0.050000 1.000000
0.101323 1.000000

0.025000 0.975000
0.075759 0.975098

0.075759 0.975098
0.066957 0.980157

0.075759 0.975098
0.066977 0.970005

0.025000 0.975000
0.075759 0.975098

0.000000 0.050000
0.050000 0.050000

0.050000 0.050000
0.041340 0.055000

0.050000 0.050000
0.041340 0.045000

0.000000 0.050000
0.050000 0.050000

0.025000 0.025000
0.075725 0.024891

0.075725 0.024891
0.066950 0.029982

0.075725 0.024891
0.066929 0.019837

0.025000 0.025000
0.075725 0.024891

0.450000 0.750000
0.508716 0.756554

0.508716 0.756554
0.497891 0.761290

0.508716 0.756554
0.499201 0.749547

0.450000 0.750000
0.508716 0.756554

0.400000 0.750000
0.457627 0.758705

0.457627 0.758705
0.446775 0.762960

0.457627 0.758705
0.448516 0.751435

0.400000 0.750000
0.457627 0.758705

0.450000 0.700000
0.500942 0.707643

0.500942 0.707643
0.491354 0.711414

0.500942 0.707643
0.492883 0.701225

0.450000 0.700000
0.500942 0.707643

0.075000 0.025000
0.126741 0.024094

0.126741 0.024094
0.117870 0.029425

0.126741 0.024094
0.117688 0.019077

0.075000 0.025000
0.126741 0.024094

0.450000 0.350000
0.491240 0.343069

0.491240 0.343069
0.484790 0.348393

0.491240 0.343069
0.483404 0.340145

0.450000 0.350000
0.491240 0.343069

0.400000 0.350000
0.443297 0.340706

0.443297 0.340706
0.436727 0.346645

0.443297 0.340706
0.434869 0.337986

0.400000 0.350000
0.443297 0.340706

0.450000 0.300000
0.499299 0.291011

0.499299 0.291011
0.491659 0.297498

0.499299 0.291011
0.489861 0.287638

0.450000 0.300000
0.499299 0.291011

0.200000 0.050000
0.256884 0.047814

0.256884 0.047814
0.247250 0.053881

0.256884 0.047814
0.246813 0.042504

0.200000 0.050000
0.256884 0.047814

0.150000 0.100000
0.203851 0.095475

0.203851 0.095475
0.194976 0.101644

0.203851 0.095475
0.194071 0.090873

0.150000 0.100000
0.203851 0.095475

0.550000 0.050000
0.619354 0.050620

0.619354 0.050620
0.607280 0.057448

0.619354 0.050620
0.607404 0.043577

0.550000 0.050000
0.619354 0.050620

0.500000 0.050000
0.569974 0.049829

0.569974 0.049829
0.557871 0.056856

0.569974 0.049829
0.557837 0.042862

0.500000 0.050000
0.569974 0.049829

0.550000 0.000000
0.619351 0.000000

0.619351 0.000000
0.607339 0.006935

0.619351 0.000000
0.607339 -0.006935

0.550000 0.000000
0.619351 0.000000

0.150000 0.250000
0.200771 0.241918

0.200771 0.241918
0.192786 0.248395

0.200771 0.241918
0.191169 0.238241

0.150000 0.250000
0.200771 0.241918

0.100000 0.250000
0.150614 0.243910

0.150614 0.243910
0.142456 0.250026

0.150614 0.243910
0.141238 0.239903

0.100000 0.250000
0.150614 0.243910

0.150000 0.200000
0.202027 0.192075

0.202027 0.192075
0.193808 0.198651

0.202027 0.192075
0.192223 0.188245

0.150000 0.200000
0.202027 0.192075

0.350000 0.250000
0.404364 0.239949

0.404364 0.239949
0.395953 0.247126

0.404364 0.239949
0.393943 0.236253

0.350000 0.250000
0.404364 0.239949

0.300000 0.250000
0.353824 0.239929

0.353824 0.239929
0.345508 0.247055

0.353824 0.239929
0.343494 0.236291

0.300000 0.250000
0.353824 0.239929

0.350000 0.200000
0.407799 0.190490

0.407799 0.190490
0.398739 0.197917

0.407799 0.190490
0.396837 0.186357

0.350000 0.200000
0.407799 0.190490

0.150000 0.350000
0.197039 0.342413

0.197039 0.342413
0.189650 0.348431

0.197039 0.342413
0.188133 0.339023

0.150000 0.350000
0.197039 0.342413

0.100000 0.350000
0.148491 0.344324

0.148491 0.344324
0.140660 0.350156

0.148491 0.344324
0.139525 0.340458

0.100000 0.350000
0.148491 0.344324

0.150000 0.300000
0.198905 0.290961

0.198905 0.290961
0.191338 0.297417

0.198905 0.290961
0.189531 0.287636

0.150000 0.300000
0.198905 0.290961

0.350000 0.050000
0.414198 0.047998

0.414198 0.047998
0.403279 0.054764

0.414198 0.047998
0.402878 0.041925

0.350000 0.050000
0.414198 0.047998

0.400000 0.050000
0.467127 0.048518

0.467127 0.048518
0.455648 0.055487

0.467127 0.048518
0.455352 0.042062

0.400000 0.050000
0.467127 0.048518

0.350000 0.100000
0.412715 0.095068

0.412715 0.095068
0.402346 0.102194

0.412715 0.095068
0.401359 0.089651

0.350000 0.100000
0.412715 0.095068

0.250000 0.150000
0.307014 0.143050

0.307014 0.143050
0.297834 0.149955

0.307014 0.143050
0.296444 0.138552

0.250000 0.150000
0.307014 0.143050

0.200000 0.150000
0.255375 0.143609

0.255375 0.143609
0.246423 0.150254

0.255375 0.143609
0.245145 0.139179

0.200000 0.150000
0.255375 0.143609

0.250000 0.100000
0.308105 0.094689

0.308105 0.094689
0.298572 0.101419

0.308105 0.094689
0.297509 0.089798

0.250000 0.100000
0.308105 0.094689

0.350000 0.350000
0.391929 0.338340

0.391929 0.338340
0.385833 0.344553

0.391929 0.338340
0.383501 0.336167

0.350000 0.350000
0.391929 0.338340

0.300000 0.350000
0.343319 0.339043

0.343319 0.339043
0.336911 0.345273

0.343319 0.339043
0.334720 0.336609

0.300000 0.350000
0.343319 0.339043

0.350000 0.300000
0.398147 0.286951

0.398147 0.286951
0.391113 0.294026

0.398147 0.286951
0.388503 0.284396

0.350000 0.300000
0.398147 0.286951

0.250000 0.450000
0.285726 0.444604

0.285726 0.444604
0.280078 0.449111

0.285726 0.444604
0.278999 0.441966

0.250000 0.450000
0.285726 0.444604

0.200000 0.450000
0.239581 0.445577

0.239581 0.445577
0.233168 0.450301

0.239581 0.445577
0.232283 0.442385

0.200000 0.450000
0.239581 0.445577

0.250000 0.400000
0.290025 0.390749

0.290025 0.390749
0.284017 0.396354

0.290025 0.390749
0.282167 0.388349

0.250000 0.400000
0.290025 0.390749

0.450000 0.150000
0.514961 0.146508

0.514961 0.146508
0.504059 0.153609

0.514961 0.146508
0.503360 0.140617

0.450000 0.150000
0.514961 0.146508

0.500000 0.150000
0.567227 0.148972

0.567227 0.148972
0.555685 0.155873

0.567227 0.148972
0.555480 0.142427

0.500000 0.150000
0.567227 0.148972

0.450000 0.200000
0.511158 0.194242

0.511158 0.194242
0.501141 0.201355

0.511158 0.194242
0.499990 0.189124

0.450000 0.200000
0.511158 0.194242

0.550000 0.100000
0.617868 0.100593

0.617868 0.100593
0.606054 0.107277

0.617868 0.100593
0.606172 0.093704

0.550000 0.100000
0.617868 0.100593

0.600000 0.050000
0.669381 0.051208

0.669381 0.051208
0.657243 0.057937

0.669381 0.051208
0.657485 0.044061

0.600000 0.050000
0.669381 0.051208

0.650000 0.050000
0.717586 0.051795

0.717586 0.051795
0.705700 0.058243

0.717586 0.051795
0.706059 0.044726

0.650000 0.050000
0.717586 0.051795

0.700000 0.050000
0.766402 0.052001

0.766402 0.052001
0.754701 0.058295

0.766402 0.052001
0.755101 0.045015

0.700000 0.050000
0.766402 0.052001

0.650000 0.100000
0.715995 0.102979

0.715995 0.102979
0.704267 0.109062

0.715995 0.102979
0.704862 0.095863

0.650000 0.100000
0.715995 0.102979

0.450000 0.650000
0.493166 0.656251

0.493166 0.656251
0.485065 0.659485

0.493166 0.656251
0.486315 0.650852

0.450000 0.650000
0.493166 0.656251

0.433354 0.586372
0.459616 0.598935

0.459616 0.598935
0.453811 0.599385

0.459616 0.598935
0.456324 0.594133

0.433354 0.586372
0.459616 0.598935

0.483354 0.636372
0.525145 0.638559

0.525145 0.638559
0.517688 0.642359

0.525145 0.638559
0.518125 0.634001

0.483354 0.636372
0.525145 0.638559

0.588407 0.438824
0.610610 0.444579

0.610610 0.444579
0.606189 0.445802

0.610610 0.444579
0.607340 0.441362

0.588407 0.438824
0.610610 0.444579

0.650000 0.450000
0.675998 0.457242

0.675998 0.457242
0.670771 0.458588

0.675998 0.457242
0.672220 0.453388

0.650000 0.450000
0.675998 0.457242

0.638407 0.488823
0.659537 0.492510

0.659537 0.492510
0.655508 0.493985

0.659537 0.492510
0.656246 0.489759

0.638407 0.488823
0.659537 0.492510

0.750000 0.050000
0.814195 0.052207

0.814195 0.052207
0.802856 0.058244

0.814195 0.052207
0.803297 0.045405

0.750000 0.050000
0.814195 0.052207

0.800000 0.050000
0.862636 0.052121

0.862636 0.052121
0.851575 0.058018

0.862636 0.052121
0.851999 0.045490

0.800000 0.050000
0.862636 0.052121

0.750000 0.100000
0.812624 0.103766

0.812624 0.103766
0.801401 0.109376

0.812624 0.103766
0.802154 0.096852

0.750000 0.100000
0.812624 0.103766

0.850000 0.050000
0.910600 0.052035

0.910600 0.052035
0.899901 0.057743

0.910600 0.052035
0.900308 0.045623

0.850000 0.050000
0.910600 0.052035

0.900000 0.050000
0.959184 0.051822

0.959184 0.051822
0.948751 0.057425

0.959184 0.051822
0.949115 0.045588

0.900000 0.050000
0.959184 0.051822

0.850000 0.100000
0.909249 0.103452

0.909249 0.103452
0.898642 0.108779

0.909249 0.103452
0.899332 0.096929

0.850000 0.100000
0.909249 0.103452

0.750000 0.250000
0.804554 0.258564

0.804554 0.258564
0.794249 0.262536

0.804554 0.258564
0.795962 0.251625

0.750000 0.250000
0.804554 0.258564

0.700000 0.250000
0.755887 0.258170

0.755887 0.258170
0.745390 0.262343

0.755887 0.258170
0.747024 0.251166

0.700000 0.250000
0.755887 0.258170

0.750000 0.200000
0.807805 0.207232

0.807805 0.207232
0.797069 0.211760

0.807805 0.207232
0.798516 0.200199

0.750000 0.200000
0.807805 0.207232

0.950000 0.150000
1.005532 0.153918

1.005532 0.153918
0.995522 0.158793

1.005532 0.153918
0.996305 0.147687

0.950000 0.150000
1.005532 0.153918

0.900000 0.150000
0.956749 0.154511

0.956749 0.154511
0.946469 0.159404

0.956749 0.154511
0.947371 0.148055

0.900000 0.150000
0.956749 0.154511

0.950000 0.100000
1.006550 0.102701

1.006550 0.102701
0.996485 0.107888

1.006550 0.102701
0.997025 0.096578

0.950000 0.100000
1.006550 0.102701

0.750000 0.450000
0.784236 0.454032

0.784236 0.454032
0.777903 0.456757

0.784236 0.454032
0.778709 0.449910

0.750000 0.450000
0.784236 0.454032

0.700000 0.450000
0.729528 0.455638

0.729528 0.455638
0.723850 0.457614

0.729528 0.455638
0.724977 0.451709

0.700000 0.450000
0.729528 0.455638

0.750000 0.400000
0.789459 0.408739

0.789459 0.408739
0.781750 0.411172

0.789459 0.408739
0.783498 0.403280

0.750000 0.400000
0.789459 0.408739

1.050000 0.100000
1.104610 0.101930

1.104610 0.101930
1.094959 0.107057

1.104610 0.101930
1.095345 0.096135

1.050000 0.100000
1.104610 0.101930

1.050000 0.050000
1.105326 0.051157

1.105326 0.051157
1.095627 0.056489

1.105326 0.051157
1.095859 0.045424

1.050000 0.050000
1.105326 0.051157

1.100000 0.050000
1.154553 0.050972

1.154553 0.050972
1.145007 0.056259

1.154553 0.050972
1.145201 0.045348

1.100000 0.050000
1.154553 0.050972

0.850000 0.450000
0.890201 0.452686

0.890201 0.452686
0.882969 0.456241

0.890201 0.452686
0.883506 0.448201

0.850000 0.450000
0.890201 0.452686

0.800000 0.450000
0.837086 0.453359

0.837086 0.453359
0.830327 0.456486

0.837086 0.453359
0.830999 0.449069

0.800000 0.450000
0.837086 0.453359

0.850000 0.400000
0.893056 0.405801

0.893056 0.405801
0.885019 0.409102

0.893056 0.405801
0.886179 0.400490

0.850000 0.400000
0.893056 0.405801

1.050000 0.350000
1.098680 0.353018

1.098680 0.353018
1.089946 0.357363

1.098680 0.353018
1.090550 0.347627

1.050000 0.350000
1.098680 0.353018

1.000000 0.350000
1.048127 0.353762

1.048127 0.353762
1.039415 0.357923

1.048127 0.353762
1.040167 0.348298

1.000000 0.350000
1.048127 0.353762

1.050000 0.300000
1.100056 0.303571

1.100056 0.303571
1.091029 0.307958

1.100056 0.303571
1.091743 0.297947

1.050000 0.300000
1.100056 0.303571

0.950000 0.450000
0.994144 0.451858

0.994144 0.451858
0.986312 0.455950

0.994144 0.451858
0.986684 0.447121

0.950000 0.450000
0.994144 0.451858

0.900000 0.450000
0.942159 0.452272

0.942159 0.452272
0.934630 0.456094

0.942159 0.452272
0.935084 0.447662

0.900000 0.450000
0.942159 0.452272

0.950000 0.400000
0.995802 0.403842

0.995802 0.403842
0.987484 0.407757

0.995802 0.403842
0.988253 0.398597

0.950000 0.400000
0.995802 0.403842

1.150000 0.350000
1.199520 0.351995

1.199520 0.351995
1.190743 0.356601

1.199520 0.351995
1.191142 0.346697

1.150000 0.350000
1.199520 0.351995

1.100000 0.350000
1.149159 0.352506

1.149159 0.352506
1.140394 0.356988

1.149159 0.352506
1.140895 0.347156

1.100000 0.350000
1.149159 0.352506

1.150000 0.300000
1.200378 0.302356

1.200378 0.302356
1.191417 0.306986

1.200378 0.302356
1.191888 0.296910

1.150000 0.300000
1.200378 0.302356

1.250000 0.150000
1.302133 0.151225

1.302133 0.151225
1.292981 0.156226

1.302133 0.151225
1.293226 0.145799

1.250000 0.150000
1.302133 0.151225

1.200000 0.150000
1.252501 0.151546

1.252501 0.151546
1.243253 0.156529

1.252501 0.151546
1.243562 0.146028

1.200000 0.150000
1.252501 0.151546

1.250000 0.100000
1.302427 0.100856

1.302427 0.100856
1.293261 0.105951

1.302427 0.100856
1.293432 0.095465

1.250000 0.100000
1.302427 0.100856

1.350000 0.450000
1.399936 0.450447

1.399936 0.450447
1.391242 0.455363

1.399936 0.450447
1.391331 0.445376

1.350000 0.450000
1.399936 0.450447

1.300000 0.450000
1.349652 0.450540

1.349652 0.450540
1.340998 0.455412

1.349652 0.450540
1.341106 0.445482

1.300000 0.450000
1.349652 0.450540

1.350000 0.400000
1.400167 0.400730

1.400167 0.400730
1.391405 0.405620

1.400167 0.400730
1.391551 0.395587

1.350000 0.400000
1.400167 0.400730

1.250000 0.050000
1.302729 0.050517

1.302729 0.050517
1.293544 0.055700

1.302729 0.050517
1.293648 0.045155

1.250000 0.050000
1.302729 0.050517

1.300000 0.050000
1.352389 0.050425

1.352389 0.050425
1.343273 0.055590

1.352389 0.050425
1.343358 0.045112

1.300000 0.050000
1.352389 0.050425

1.750000 0.450000
1.800745 0.450096

1.800745 0.450096
1.791946 0.455154

1.800745 0.450096
1.791966 0.445005

1.750000 0.450000
1.800745 0.450096

1.700000 0.450000
1.750714 0.450122

1.750714 0.450122
1.741918 0.455172

1.750714 0.450122
1.741942 0.445030

1.700000 0.450000
1.750714 0.450122

1.750000 0.400000
1.800786 0.400127

1.800786 0.400127
1.791977 0.405184

1.800786 0.400127
1.792002 0.395027

1.750000 0.400000
1.800786 0.400127

1.250000 0.350000
1.300064 0.351309

1.300064 0.351309
1.291262 0.356089

1.300064 0.351309
1.291524 0.346076

1.250000 0.350000
1.300064 0.351309

1.200000 0.350000
1.249840 0.351651

1.249840 0.351651
1.241043 0.356349

1.249840 0.351651
1.241373 0.346381

1.200000 0.350000
1.249840 0.351651

1.250000 0.300000
1.300596 0.301533

1.300596 0.301533
1.291679 0.306327

1.300596 0.301533
1.291986 0.296208

1.250000 0.300000
1.300596 0.301533

1.750000 0.750000
1.800770 0.749944

1.800770 0.749944
1.791982 0.755031

1.800770 0.749944
1.791971 0.744877

1.750000 0.750000
1.800770 0.749944

1.700000 0.750000
1.750758 0.749916

1.750758 0.749916
1.741975 0.755007

1.750758 0.749916
1.741958 0.744855

1.700000 0.750000
1.750758 0.749916

1.750000 0.700000
1.800744 0.699956

1.800744 0.699956
1.791959 0.705038

1.800744 0.699956
1.791950 0.694889

1.750000 0.700000
1.800744 0.699956

1.450000 0.250000
1.501015 0.250632

1.501015 0.250632
1.492115 0.255624

1.501015 0.250632
1.492242 0.245421

1.450000 0.250000
1.501015 0.250632

1.400000 0.250000
1.451060 0.250808

1.451060 0.250808
1.442135 0.255774

1.451060 0.250808
1.442297 0.245562

1.400000 0.250000
1.451060 0.250808

1.450000 0.200000
1.501204 0.200587

1.501204 0.200587
1.492277 0.205606

1.501204 0.200587
1.492394 0.195365

1.450000 0.200000
1.501204 0.200587

1.900000 0.850000
1.950813 0.849984

1.950813 0.849984
1.942014 0.855068

1.950813 0.849984
1.942011 0.844905

1.900000 0.850000
1.950813 0.849984

1.950000 0.850000
2.000811 0.849992

2.000811 0.849992
1.992011 0.855074

2.000811 0.849992
1.992010 0.844912

1.950000 0.850000
2.000811 0.849992

1.950000 0.900000
2.000820 0.899994

2.000820 0.899994
1.992019 0.905077

2.000820 0.899994
1.992017 0.894913

1.950000 0.900000
2.000820 0.899994

1.650000 0.100000
1.701142 0.100135

1.701142 0.100135
1.692270 0.105226

1.701142 0.100135
1.692297 0.094998

1.650000 0.100000
1.701142 0.100135

1.650000 0.050000
1.701188 0.050083

1.701188 0.050083
1.692313 0.055188

1.701188 0.050083
1.692330 0.044950

1.650000 0.050000
1.701188 0.050083

1.700000 0.050000
1.751136 0.050067

1.751136 0.050067
1.742272 0.055169

1.751136 0.050067
1.742285 0.044942

1.700000 0.050000
1.751136 0.050067

1.800000 0.050000
1.851055 0.050039

1.851055 0.050039
1.842208 0.055138

1.851055 0.050039
1.842216 0.044927

1.800000 0.050000
1.851055 0.050039

1.750000 0.100000
1.801055 0.100080

1.801055 0.100080
1.792204 0.105172

1.801055 0.100080
1.792220 0.094961

1.750000 0.100000
1.801055 0.100080

1.750000 0.050000
1.801085 0.050051

1.801085 0.050051
1.792232 0.055150

1.801085 0.050051
1.792242 0.044933

1.750000 0.050000
1.801085 0.050051

1.975000 0.075000
2.025995 0.075006

2.025995 0.075006
2.017162 0.080104

2.025995 0.075006
2.017163 0.069905

1.975000 0.075000
2.025995 0.075006

1.975000 0.025000
2.026003 0.025002

2.026003 0.025002
2.017169 0.030102

2.026003 0.025002
2.017169 0.019901

1.975000 0.025000
2.026003 0.025002

2.000000 0.050000
2.050997 0.050000

2.050997 0.050000
2.042164 0.055100

2.050997 0.050000
2.042164 0.044900

2.000000 0.050000
2.050997 0.050000

1.925000 0.025000
1.976012 0.025007

1.976012 0.025007
1.967175 0.030107

1.976012 0.025007
1.967177 0.019904

1.925000 0.025000
1.976012 0.025007

1.950000 0.000000
2.001007 0.000000

2.001007 0.000000
1.992172 0.005101

2.001007 0.000000
1.992172 -0.005101

1.950000 0.000000
2.001007 0.000000

1.650000 0.150000
1.701101 0.150197

1.701101 0.150197
1.692230 0.155273

1.701101 0.150197
1.692270 0.145053

1.650000 0.150000
1.701101 0.150197

1.600000 0.150000
1.651163 0.150257

1.651163 0.150257
1.642276 0.155329

1.651163 0.150257
1.642327 0.145096

1.600000 0.150000
1.651163 0.150257

1.550000 0.150000
1.601216 0.150317

1.601216 0.150317
1.592313 0.155384

1.601216 0.150317
1.592377 0.145141

1.550000 0.150000
1.601216 0.150317

1.500000 0.150000
1.551314 0.150410

1.551314 0.150410
1.542385 0.155470

1.551314 0.150410
1.542467 0.145207

1.500000 0.150000
1.551314 0.150410

1.550000 0.100000
1.601284 0.100219

1.601284 0.100219
1.592379 0.105310

1.601284 0.100219
1.592423 0.095053

1.550000 0.100000
1.601284 0.100219

1.350000 0.250000
1.401063 0.250986

1.401063 0.250986
1.392120 0.255922

1.401063 0.250986
1.392317 0.245709

1.350000 0.250000
1.401063 0.250986

1.300000 0.250000
1.351128 0.251256

1.351128 0.251256
1.342146 0.256152

1.351128 0.251256
1.342398 0.245926

1.300000 0.250000
1.351128 0.251256

1.350000 0.200000
1.401371 0.200922

1.401371 0.200922
1.392381 0.205899

1.401371 0.200922
1.392566 0.195625

1.350000 0.200000
1.401371 0.200922

1.550000 0.050000
1.601357 0.050133

1.601357 0.050133
1.592448 0.055246

1.601357 0.050133
1.592475 0.044975

1.550000 0.050000
1.601357 0.050133

1.600000 0.050000
1.651271 0.050108

1.651271 0.050108
1.642380 0.055217

1.651271 0.050108
1.642401 0.044963

1.600000 0.050000
1.651271 0.050108

1.950000 0.350000
2.000858 0.350025

2.000858 0.350025
1.992047 0.355106

2.000858 0.350025
1.992052 0.344935

1.950000 0.350000
2.000858 0.350025

1.950000 0.400000
2.000830 0.400022

2.000830 0.400022
1.992024 0.405101

2.000830 0.400022
1.992028 0.394935

1.950000 0.400000
2.000830 0.400022

1.900000 0.350000
1.950856 0.350051

1.950856 0.350051
1.942042 0.355127

1.950856 0.350051
1.942052 0.344956

1.900000 0.350000
1.950856 0.350051

1.950000 0.550000
2.000774 0.550009

2.000774 0.550009
1.991978 0.555084

2.000774 0.550009
1.991980 0.544930

1.950000 0.550000
2.000774 0.550009

1.950000 0.600000
2.000770 0.600002

2.000770 0.600002
1.991976 0.605079

2.000770 0.600002
1.991977 0.594925

1.950000 0.600000
2.000770 0.600002

1.900000 0.550000
1.950767 0.550015

1.950767 0.550015
1.941972 0.555089

1.950767 0.550015
1.941975 0.544936

1.900000 0.550000
1.950767 0.550015

1.950000 0.800000
2.000798 0.799992

2.000798 0.799992
1.992000 0.805073

2.000798 0.799992
1.991999 0.794914

1.950000 0.800000
2.000798 0.799992

1.900000 0.750000
1.950785 0.749984

1.950785 0.749984
1.941991 0.755065

1.950785 0.749984
1.941987 0.744908

1.900000 0.750000
1.950785 0.749984

1.950000 0.750000
2.000786 0.749993

2.000786 0.749993
1.991990 0.755073

2.000786 0.749993
1.991989 0.744916

1.950000 0.750000
2.000786 0.749993

1.925000 0.975000
1.975832 0.974997

1.975832 0.974997
1.967028 0.980081

1.975832 0.974997
1.967027 0.969914

1.925000 0.975000
1.975832 0.974997

1.975000 0.975000
2.025828 0.974999

2.025828 0.974999
2.017025 0.980082

2.025828 0.974999
2.017025 0.969916

1.975000 0.975000
2.025828 0.974999

1.950000 1.000000
2.000830 1.000000

2.000830 1.000000
1.992026 1.005083

2.000830 1.000000
1.992026 0.994917

1.950000 1.000000
2.000830 1.000000

2.000000 0.850000
2.050812 0.850000

2.050812 0.850000
2.042011 0.855081

2.050812 0.850000
2.042011 0.844919

2.000000 0.850000
2.050812 0.850000

1.975000 0.925000
2.025824 0.924998

2.025824 0.924998
2.017021 0.930081

2.025824 0.924998
2.017021 0.919916

1.975000 0.925000
2.025824 0.924998

2.000000 0.950000
2.050826 0.950000

2.050826 0.950000
2.042022 0.955083

2.050826 0.950000
2.042022 0.944917

2.000000 0.950000
2.050826 0.950000

0.050000 0.150000
0.100589 0.147052

0.100589 0.147052
0.092121 0.152622

0.100589 0.147052
0.091532 0.142504

0.050000 0.150000
0.100589 0.147052

0.000000 0.150000
0.050000 0.150000

0.050000 0.150000
0.041340 0.155000

0.050000 0.150000
0.041340 0.145000

0.000000 0.150000
0.050000 0.150000

0.050000 0.000000
0.101233 0.000000

0.101233 0.000000
0.092359 0.005123

0.101233 0.000000
0.092359 -0.005123

0.050000 0.000000
0.101233 0.000000

0.000000 0.950000
0.050000 0.950000

0.050000 0.950000
0.041340 0.955000

0.050000 0.950000
0.041340 0.945000

0.000000 0.950000
0.050000 0.950000

0.025000 0.925000
0.075566 0.926423

0.075566 0.926423
0.066666 0.931233

0.075566 0.926423
0.066950 0.921120

0.025000 0.925000
0.075566 0.926423

0.075000 0.925000
0.127087 0.927353

0.127087 0.927353
0.117830 0.932154

0.127087 0.927353
0.118300 0.921736

0.075000 0.925000
0.127087 0.927353

0.050000 0.900000
0.101330 0.902648

0.101330 0.902648
0.092175 0.907322

0.101330 0.902648
0.092704 0.897056

0.050000 0.900000
0.101330 0.902648

1.925000 0.075000
1.976003 0.075020

1.976003 0.075020
1.967167 0.080116

1.976003 0.075020
1.967171 0.069916

1.925000 0.075000
1.976003 0.075020

1.900000 0.050000
1.951014 0.050018

1.951014 0.050018
1.942176 0.055116

1.951014 0.050018
1.942180 0.044914

1.900000 0.050000
1.951014 0.050018

1.850000 0.050000
1.901027 0.050028

1.901027 0.050028
1.892186 0.055126

1.901027 0.050028
1.892192 0.044920

1.850000 0.050000
1.901027 0.050028

1.850000 0.000000
1.901025 0.000000

1.901025 0.000000
1.892187 0.005103

1.901025 0.000000
1.892187 -0.005103

1.850000 0.000000
1.901025 0.000000

0.050000 0.350000
0.098818 0.346234

0.098818 0.346234
0.090739 0.351768

0.098818 0.346234
0.089986 0.342005

0.050000 0.350000
0.098818 0.346234

0.000000 0.350000
0.050000 0.350000

0.050000 0.350000
0.041340 0.355000

0.050000 0.350000
0.041340 0.345000

0.000000 0.350000
0.050000 0.350000

0.050000 0.300000
0.099291 0.295052

0.099291 0.295052
0.091248 0.300838

0.099291 0.295052
0.090259 0.290980

0.050000 0.300000
0.099291 0.295052

0.050000 0.250000
0.099764 0.245901

0.099764 0.245901
0.091555 0.251587

0.099764 0.245901
0.090735 0.241635

0.050000 0.250000
0.099764 0.245901

0.000000 0.250000
0.050000 0.250000

0.050000 0.250000
0.041340 0.255000

0.050000 0.250000
0.041340 0.245000

0.000000 0.250000
0.050000 0.250000

0.050000 0.200000
0.100177 0.195665

0.100177 0.195665
0.091919 0.201434

0.100177 0.195665
0.091052 0.191399

0.050000 0.200000
0.100177 0.195665

0.100000 0.150000
0.151976 0.145611

0.151976 0.145611
0.143412 0.151569

0.151976 0.145611
0.142534 0.141173

0.100000 0.150000
0.151976 0.145611

0.150000 0.150000
0.203282 0.144168

0.203282 0.144168
0.194637 0.150506

0.203282 0.144168
0.193470 0.139850

0.150000 0.150000
0.203282 0.144168

0.150000 0.450000
0.193466 0.446549

0.193466 0.446549
0.186282 0.451493

0.193466 0.446549
0.185592 0.442800

0.150000 0.450000
0.193466 0.446549

0.100000 0.450000
0.146399 0.447475

0.146399 0.447475
0.138615 0.452552

0.146399 0.447475
0.138110 0.443273

0.100000 0.450000
0.146399 0.447475

0.150000 0.400000
0.195252 0.393616

0.195252 0.393616
0.188053 0.399247

0.195252 0.393616
0.186776 0.390196

0.150000 0.400000
0.195252 0.393616

0.650000 0.150000
0.714412 0.154777

0.714412 0.154777
0.702778 0.160390

0.714412 0.154777
0.703733 0.147508

0.650000 0.150000
0.714412 0.154777

0.600000 0.150000
0.666210 0.153106

0.666210 0.153106
0.654432 0.159189

0.666210 0.153106
0.655053 0.145947

0.600000 0.150000
0.666210 0.153106

0.050000 0.650000
0.099698 0.653997

0.099698 0.653997
0.090690 0.658275

0.099698 0.653997
0.091490 0.648335

0.050000 0.650000
0.099698 0.653997

0.000000 0.650000
0.050000 0.650000

0.050000 0.650000
0.041340 0.655000

0.050000 0.650000
0.041340 0.645000

0.000000 0.650000
0.050000 0.650000

0.050000 0.600000
0.099115 0.603695

0.099115 0.603695
0.090238 0.607966

0.099115 0.603695
0.090977 0.598144

0.050000 0.600000
0.099115 0.603695

0.050000 0.750000
0.100776 0.754442

0.100776 0.754442
0.091537 0.758750

0.100776 0.754442
0.092425 0.748595

0.050000 0.750000
0.100776 0.754442

0.000000 0.750000
0.050000 0.750000

0.050000 0.750000
0.041340 0.755000

0.050000 0.750000
0.041340 0.745000

0.000000 0.750000
0.050000 0.750000

0.050000 0.700000
0.100237 0.705217

0.100237 0.705217
0.091014 0.709337

0.100237 0.705217
0.092057 0.699290

0.050000 0.700000
0.100237 0.705217

0.100000 0.550000
0.146467 0.552463

0.146467 0.552463
0.138172 0.556683

0.146467 0.552463
0.138665 0.547390

0.100000 0.550000
0.146467 0.552463

0.100000 0.650000
0.148478 0.656115

0.148478 0.656115
0.139470 0.659904

0.148478 0.656115
0.140693 0.650208

0.100000 0.650000
0.148478 0.656115

1.200000 0.750000
1.250587 0.748511

1.250587 0.748511
1.241974 0.753827

1.250587 0.748511
1.241676 0.743710

1.200000 0.750000
1.250587 0.748511

1.150000 0.800000
1.201346 0.798188

1.201346 0.798188
1.192633 0.803636

1.201346 0.798188
1.192271 0.793367

1.150000 0.800000
1.201346 0.798188

1.150000 0.750000
1.200622 0.748153

1.200622 0.748153
1.192039 0.753535

1.200622 0.748153
1.191669 0.743411

1.150000 0.750000
1.200622 0.748153

0.100000 0.850000
0.151984 0.854914

0.151984 0.854914
0.142489 0.859261

0.151984 0.854914
0.143472 0.848864

0.100000 0.850000
0.151984 0.854914

0.100000 0.750000
0.150585 0.756693

0.150585 0.756693
0.141154 0.760593

0.150585 0.756693
0.142493 0.750476

0.100000 0.750000
0.150585 0.756693

0.250000 0.950000
0.309809 0.952371

0.309809 0.952371
0.299213 0.957941

0.309809 0.952371
0.299687 0.945980

0.250000 0.950000
0.309809 0.952371

0.250000 1.000000
0.309808 1.000000

0.309808 1.000000
0.299449 1.005981

0.309808 1.000000
0.299449 0.994019

0.250000 1.000000
0.309808 1.000000

0.200000 0.950000
0.257438 0.952287

0.257438 0.952287
0.247260 0.957635

0.257438 0.952287
0.247718 0.946147

0.200000 0.950000
0.257438 0.952287

0.250000 0.050000
0.309196 0.047688

0.309196 0.047688
0.299174 0.054008

0.309196 0.047688
0.298712 0.042169

0.250000 0.050000
0.309196 0.047688

0.250000 0.000000
0.309195 0.000000

0.309195 0.000000
0.298942 0.005920

0.309195 0.000000
0.298942 -0.005920

0.250000 0.000000
0.309195 0.000000

0.300000 0.050000
0.362195 0.047843

0.362195 0.047843
0.351638 0.054436

0.362195 0.047843
0.351207 0.041997

0.300000 0.050000
0.362195 0.047843

0.350000 0.150000
0.411235 0.143571

0.411235 0.143571
0.401271 0.150808

0.411235 0.143571
0.399985 0.138561

0.350000 0.150000
0.411235 0.143571

0.300000 0.150000
0.359737 0.143311

0.359737 0.143311
0.350059 0.150443

0.359737 0.143311
0.348721 0.138496

0.300000 0.150000
0.359737 0.143311

0.150000 0.550000
0.193604 0.553296

0.193604 0.553296
0.185722 0.557086

0.193604 0.553296
0.186381 0.548365

0.150000 0.550000
0.193604 0.553296

0.150000 0.500000
0.193535 0.500434

0.193535 0.500434
0.185951 0.504712

0.193535 0.500434
0.186038 0.496005

0.150000 0.500000
0.193535 0.500434

0.200000 0.250000
0.251728 0.240913

0.251728 0.240913
0.243677 0.247660

0.251728 0.240913
0.241860 0.237314

0.200000 0.250000
0.251728 0.240913

0.200000 0.350000
0.245836 0.341079

0.245836 0.341079
0.238789 0.347208

0.245836 0.341079
0.237005 0.338041

0.200000 0.350000
0.245836 0.341079

0.550000 0.350000
0.594122 0.351734

0.594122 0.351734
0.586306 0.355846

0.594122 0.351734
0.586653 0.347022

0.550000 0.350000
0.594122 0.351734

0.550000 0.300000
0.601671 0.303353

0.601671 0.303353
0.592386 0.307939

0.601671 0.303353
0.593056 0.297605

0.550000 0.300000
0.601671 0.303353

0.600000 0.350000
0.645740 0.355743

0.645740 0.355743
0.637244 0.359322

0.645740 0.355743
0.638392 0.350174

0.600000 0.350000
0.645740 0.355743

0.150000 0.650000
0.197353 0.658233

0.197353 0.658233
0.188328 0.661543

0.197353 0.658233
0.189975 0.652072

0.150000 0.650000
0.197353 0.658233

0.150000 0.600000
0.195479 0.607109

0.195479 0.607109
0.186891 0.610425

0.195479 0.607109
0.188313 0.601330

0.150000 0.600000
0.195479 0.607109

0.150000 0.750000
0.201318 0.758946

0.201318 0.758946
0.191535 0.762528

0.201318 0.758946
0.193324 0.752265

0.150000 0.750000
0.201318 0.758946

0.150000 0.700000
0.199336 0.709679

0.199336 0.709679
0.189823 0.712936

0.199336 0.709679
0.191759 0.703069

0.150000 0.700000
0.199336 0.709679

0.200000 0.550000
0.239791 0.554036

0.239791 0.554036
0.232496 0.557316

0.239791 0.554036
0.233303 0.549358

0.200000 0.550000
0.239791 0.554036

0.200000 0.750000
0.251867 0.760112

0.251867 0.760112
0.241872 0.763547

0.251867 0.760112
0.243895 0.753174

0.200000 0.750000
0.251867 0.760112

0.150000 0.800000
0.202583 0.808397

0.202583 0.808397
0.192635 0.812201

0.202583 0.808397
0.194315 0.801684

0.150000 0.800000
0.202583 0.808397

0.200000 0.650000
0.245908 0.659818

0.245908 0.659818
0.236974 0.662708

0.245908 0.659818
0.238938 0.653526

0.200000 0.650000
0.245908 0.659818

0.600000 0.950000
0.668242 0.948426

0.668242 0.948426
0.656580 0.955523

0.668242 0.948426
0.656265 0.941875

0.600000 0.950000
0.668242 0.948426

0.550000 0.900000
0.616934 0.898573

0.616934 0.898573
0.605483 0.905514

0.616934 0.898573
0.605198 0.892127

0.550000 0.900000
0.616934 0.898573

0.150000 0.850000
0.203847 0.856534

0.203847 0.856534
0.193867 0.860787

0.203847 0.856534
0.195174 0.850018

0.150000 0.850000
0.203847 0.856534

0.150000 0.900000
0.204349 0.904790

0.204349 0.904790
0.194457 0.909395

0.204349 0.904790
0.195415 0.898525

0.150000 0.900000
0.204349 0.904790

0.350000 0.000000
0.414196 0.000000

0.414196 0.000000
0.403077 0.006420

0.414196 0.000000
0.403077 -0.006420

0.350000 0.000000
0.414196 0.000000

0.250000 0.250000
0.302148 0.239907

0.302148 0.239907
0.294125 0.246870

0.302148 0.239907
0.292107 0.236440

0.250000 0.250000
0.302148 0.239907

0.250000 0.200000
0.304581 0.190327

0.304581 0.190327
0.296095 0.197461

0.304581 0.190327
0.294160 0.186544

0.250000 0.200000
0.304581 0.190327

0.250000 0.350000
0.294323 0.339745

0.294323 0.339745
0.287671 0.345953

0.294323 0.339745
0.285620 0.337089

0.250000 0.350000
0.294323 0.339745

0.250000 0.300000
0.298236 0.288231

0.298236 0.288231
0.291058 0.295093

0.298236 0.288231
0.288704 0.285446

0.250000 0.300000
0.298236 0.288231

0.250000 0.550000
0.285856 0.554775

0.285856 0.554775
0.279168 0.557534

0.285856 0.554775
0.280123 0.550362

0.250000 0.550000
0.285856 0.554775

0.250000 0.500000
0.285792 0.500840

0.285792 0.500840
0.279508 0.504274

0.285792 0.500840
0.279676 0.497115

0.250000 0.500000
0.285792 0.500840

0.300000 0.450000
0.329490 0.443232

0.329490 0.443232
0.325059 0.447353

0.329490 0.443232
0.323705 0.441456

0.300000 0.450000
0.329490 0.443232

0.850000 0.250000
0.902716 0.257036

0.902716 0.257036
0.892882 0.261089

0.902716 0.257036
0.894289 0.250546

0.850000 0.250000
0.902716 0.257036

0.800000 0.250000
0.853491 0.257801

0.853491 0.257801
0.843446 0.261799

0.853491 0.257801
0.845006 0.251101

0.800000 0.250000
0.853491 0.257801

0.850000 0.200000
0.905308 0.206261

0.905308 0.206261
0.895102 0.210707

0.905308 0.206261
0.896354 0.199646

0.850000 0.200000
0.905308 0.206261

0.250000 0.650000
0.295044 0.661402

0.295044 0.661402
0.286102 0.663932

0.295044 0.661402
0.288382 0.654923

0.250000 0.650000
0.295044 0.661402

0.250000 0.600000
0.290451 0.610538

0.290451 0.610538
0.282391 0.612758

0.290451 0.610538
0.284498 0.604668

0.250000 0.600000
0.290451 0.610538

0.250000 0.750000
0.303051 0.761279

0.303051 0.761279
0.292734 0.764631

0.303051 0.761279
0.294990 0.754020

0.250000 0.750000
0.303051 0.761279

0.250000 0.700000
0.299048 0.712463

0.299048 0.712463
0.289306 0.715209

0.299048 0.712463
0.291799 0.705400

0.250000 0.700000
0.299048 0.712463

0.300000 0.550000
0.330093 0.556387

0.330093 0.556387
0.324242 0.558290

0.330093 0.556387
0.325520 0.552272

0.300000 0.550000
0.330093 0.556387

0.300000 0.650000
0.343983 0.662005

0.343983 0.662005
0.335164 0.664324

0.343983 0.662005
0.337565 0.655527

0.300000 0.650000
0.343983 0.662005

0.900000 0.750000
0.951088 0.744758

0.951088 0.744758
0.942764 0.750774

0.951088 0.744758
0.941715 0.740557

0.900000 0.750000
0.951088 0.744758

0.850000 0.800000
0.903869 0.794150

0.903869 0.794150
0.895123 0.800550

0.903869 0.794150
0.893953 0.789776

0.850000 0.800000
0.903869 0.794150

0.850000 0.750000
0.901363 0.743875

0.901363 0.743875
0.893079 0.750072

0.901363 0.743875
0.891854 0.739800

0.850000 0.750000
0.901363 0.743875

0.250000 0.900000
0.308795 0.905410

0.308795 0.905410
0.298070 0.910352

0.308795 0.905410
0.299152 0.898593

0.250000 0.900000
0.308795 0.905410

0.300000 0.950000
0.362847 0.952138

0.362847 0.952138
0.351748 0.958052

0.362847 0.952138
0.352176 0.945483

0.300000 0.950000
0.362847 0.952138

0.300000 0.850000
0.360148 0.857391

0.360148 0.857391
0.348991 0.862126

0.360148 0.857391
0.350469 0.850096

0.300000 0.850000
0.360148 0.857391

0.350000 1.000000
0.414751 1.000000

0.414751 1.000000
0.403536 1.006475

0.414751 1.000000
0.403536 0.993525

0.350000 1.000000
0.414751 1.000000

0.350000 0.950000
0.414752 0.951904

0.414752 0.951904
0.403346 0.958050

0.414752 0.951904
0.403727 0.945099

0.350000 0.950000
0.414752 0.951904

0.450000 0.050000
0.518089 0.049038

0.518089 0.049038
0.506392 0.056013

0.518089 0.049038
0.506200 0.042395

0.450000 0.050000
0.518089 0.049038

0.450000 0.000000
0.518087 0.000000

0.518087 0.000000
0.506294 0.006809

0.518087 0.000000
0.506294 -0.006809

0.450000 0.000000
0.518087 0.000000

0.400000 0.150000
0.464316 0.145040

0.464316 0.145040
0.453672 0.152331

0.464316 0.145040
0.452680 0.139468

0.400000 0.150000
0.464316 0.145040

0.450000 0.100000
0.516523 0.097153

0.516523 0.097153
0.505286 0.104298

0.516523 0.097153
0.504717 0.090994

0.450000 0.100000
0.516523 0.097153

0.350000 0.450000
0.374602 0.441860

0.374602 0.441860
0.371155 0.445730

0.374602 0.441860
0.369527 0.440809

0.350000 0.450000
0.374602 0.441860

0.350000 0.400000
0.383266 0.386972

0.383266 0.386972
0.378807 0.392555

0.383266 0.386972
0.376201 0.385902

0.350000 0.400000
0.383266 0.386972

0.350000 0.550000
0.375192 0.557999

0.375192 0.557999
0.370029 0.559133

0.375192 0.557999
0.371629 0.554094

0.350000 0.550000
0.375192 0.557999

0.350000 0.600000
0.384735 0.612900

0.384735 0.612900
0.377429 0.614139

0.384735 0.612900
0.380008 0.607192

0.350000 0.600000
0.384735 0.612900

0.400000 0.250000
0.457363 0.242100

0.457363 0.242100
0.448217 0.249204

0.457363 0.242100
0.446637 0.237732

0.400000 0.250000
0.457363 0.242100

0.350000 0.650000
0.394275 0.662607

0.394275 0.662607
0.385346 0.664851

0.394275 0.662607
0.387867 0.655996

0.350000 0.650000
0.394275 0.662607

0.443754 0.542017
0.443754 0.542017

0.443754 0.542017
0.443754 0.542017

0.443754 0.542017
0.443754 0.542017

0.443754 0.542017
0.443754 0.542017

0.410401 0.555645
0.426502 0.561676

0.426502 0.561676
0.423110 0.562242

0.426502 0.561676
0.424317 0.559021

0.410401 0.555645
0.426502 0.561676

0.950000 0.850000
1.004332 0.846867

1.004332 0.846867
0.995234 0.852843

1.004332 0.846867
0.994608 0.841977

0.950000 0.850000
1.004332 0.846867

0.900000 0.850000
0.955408 0.846330

0.955408 0.846330
0.946178 0.852507

0.955408 0.846330
0.945444 0.841425

0.900000 0.850000
0.955408 0.846330

0.950000 0.800000
1.002595 0.795791

1.002595 0.795791
0.993907 0.801779

1.002595 0.795791
0.993065 0.791260

0.950000 0.800000
1.002595 0.795791

0.350000 0.850000
0.412201 0.857008

0.412201 0.857008
0.400727 0.862014

0.412201 0.857008
0.402129 0.849574

0.350000 0.850000
0.412201 0.857008

0.350000 0.800000
0.409017 0.809061

0.409017 0.809061
0.397889 0.813394

0.409017 0.809061
0.399701 0.801590

0.350000 0.800000
0.409017 0.809061

0.400000 0.650000
0.444559 0.659429

0.444559 0.659429
0.435898 0.662252

0.444559 0.659429
0.437784 0.653340

0.400000 0.650000
0.444559 0.659429

0.400000 0.850000
0.464574 0.855350

0.464574 0.855350
0.452854 0.860881

0.464574 0.855350
0.453925 0.847966

0.400000 0.850000
0.464574 0.855350

0.350000 0.900000
0.413476 0.904635

0.413476 0.904635
0.402018 0.910180

0.413476 0.904635
0.402945 0.897485

0.350000 0.900000
0.413476 0.904635

0.450000 1.000000
0.518175 1.000000

0.518175 1.000000
0.506367 1.006817

0.518175 1.000000
0.506367 0.993183

0.450000 1.000000
0.518175 1.000000

0.400000 0.950000
0.467482 0.951299

0.467482 0.951299
0.455664 0.957822

0.467482 0.951299
0.455924 0.944326

0.400000 0.950000
0.467482 0.951299

0.450000 0.950000
0.518176 0.950694

0.518176 0.950694
0.506298 0.957391

0.518176 0.950694
0.506437 0.943756

0.450000 0.950000
0.518176 0.950694

0.450000 0.250000
0.507357 0.244247

0.507357 0.244247
0.497998 0.250980

0.507357 0.244247
0.496848 0.239508

0.450000 0.250000
0.507357 0.244247

0.550000 0.150000
0.616387 0.151432

0.616387 0.151432
0.604745 0.157823

0.616387 0.151432
0.605032 0.144546

0.550000 0.150000
0.616387 0.151432

0.550000 0.250000
0.609220 0.252983

0.609220 0.252983
0.598665 0.258388

0.609220 0.252983
0.599261 0.246544

0.550000 0.250000
0.609220 0.252983

0.500000 0.250000
0.560594 0.248618

0.560594 0.248618
0.550237 0.254917

0.560594 0.248618
0.549960 0.242798

0.500000 0.250000
0.560594 0.248618

0.550000 0.200000
0.612802 0.201610

0.612802 0.201610
0.601764 0.207611

0.612802 0.201610
0.602086 0.195051

0.550000 0.200000
0.612802 0.201610

0.571612 0.583659
0.599792 0.572492

0.599792 0.572492
0.596028 0.577244

0.599792 0.572492
0.593795 0.571608

0.571612 0.583659
0.599792 0.572492

0.550000 0.650000
0.591815 0.645089

0.591815 0.645089
0.585063 0.650121

0.591815 0.645089
0.584081 0.641758

0.550000 0.650000
0.591815 0.645089

0.521612 0.633659
0.561515 0.632524

0.561515 0.632524
0.554717 0.636711

0.561515 0.632524
0.554490 0.628730

0.521612 0.633659
0.561515 0.632524

0.850000 0.650000
0.894925 0.644002

0.894925 0.644002
0.887744 0.649533

0.894925 0.644002
0.886544 0.640548

0.850000 0.650000
0.894925 0.644002

0.800000 0.650000
0.843746 0.642818

0.843746 0.642818
0.836887 0.648437

0.843746 0.642818
0.835451 0.639688

0.800000 0.650000
0.843746 0.642818

0.850000 0.600000
0.892281 0.595181

0.892281 0.595181
0.885440 0.600244

0.892281 0.595181
0.884476 0.591788

0.850000 0.600000
0.892281 0.595181

0.450000 0.850000
0.515520 0.853693

0.515520 0.853693
0.503802 0.859605

0.515520 0.853693
0.504541 0.846501

0.450000 0.850000
0.515520 0.853693

0.450000 0.800000
0.512118 0.804639

0.512118 0.804639
0.500895 0.810047

0.512118 0.804639
0.501823 0.797624

0.450000 0.800000
0.512118 0.804639

0.500000 0.750000
0.560631 0.751683

0.560631 0.751683
0.549961 0.757454

0.560631 0.751683
0.550298 0.745328

0.500000 0.750000
0.560631 0.751683

0.450000 0.900000
0.516847 0.902187

0.516847 0.902187
0.505050 0.908493

0.516847 0.902187
0.505488 0.895123

0.450000 0.900000
0.516847 0.902187

0.500000 0.850000
0.567026 0.851079

0.567026 0.851079
0.555309 0.857595

0.567026 0.851079
0.555525 0.844190

0.500000 0.850000
0.567026 0.851079

0.650000 0.000000
0.717582 0.000000

0.717582 0.000000
0.705876 0.006758

0.717582 0.000000
0.705876 -0.006758

0.650000 0.000000
0.717582 0.000000

0.423855 0.419728
0.456077 0.408402

0.456077 0.408402
0.451628 0.413586

0.456077 0.408402
0.449363 0.407141

0.423855 0.419728
0.456077 0.408402

0.473855 0.369728
0.512584 0.366695

0.512584 0.366695
0.506179 0.371094

0.512584 0.366695
0.505573 0.363348

0.473855 0.369728
0.512584 0.366695

0.750000 0.150000
0.811062 0.155729

0.811062 0.155729
0.799913 0.160842

0.811062 0.155729
0.801059 0.148630

0.750000 0.150000
0.811062 0.155729

0.700000 0.150000
0.763024 0.155254

0.763024 0.155254
0.751583 0.160646

0.763024 0.155254
0.752633 0.148041

0.700000 0.150000
0.763024 0.155254

0.600000 0.250000
0.658851 0.255380

0.658851 0.255380
0.648119 0.260333

0.658851 0.255380
0.649195 0.248563

0.600000 0.250000
0.658851 0.255380

0.750000 0.550000
0.783103 0.545272

0.783103 0.545272
0.777843 0.549401

0.783103 0.545272
0.776897 0.542781

0.750000 0.550000
0.783103 0.545272

0.700000 0.550000
0.727194 0.543833

0.727194 0.543833
0.723101 0.547620

0.727194 0.543833
0.721867 0.542181

0.700000 0.550000
0.727194 0.543833

0.750000 0.500000
0.783669 0.501181

0.783669 0.501181
0.777719 0.504344

0.783669 0.501181
0.777955 0.497610

0.750000 0.500000
0.783669 0.501181

0.950000 0.250000
1.001837 0.255123

1.001837 0.255123
0.992347 0.259420

1.001837 0.255123
0.993371 0.249052

0.950000 0.250000
1.001837 0.255123

0.900000 0.250000
0.952255 0.256080

0.952255 0.256080
0.942596 0.260252

0.952255 0.256080
0.943812 0.249801

0.900000 0.250000
0.952255 0.256080

0.950000 0.200000
1.003681 0.204706

1.003681 0.204706
0.993913 0.209259

1.003681 0.204706
0.994854 0.198522

0.950000 0.200000
1.003681 0.204706

0.640000 0.500000
0.661669 0.499849

0.661669 0.499849
0.657931 0.502042

0.661669 0.499849
0.657900 0.497708

0.640000 0.500000
0.661669 0.499849

0.650000 0.550000
0.672976 0.542392

0.672976 0.542392
0.669757 0.546007

0.672976 0.542392
0.668236 0.541412

0.650000 0.550000
0.672976 0.542392

0.590000 0.550000
0.604558 0.545039

0.604558 0.545039
0.602532 0.547354

0.604558 0.545039
0.601540 0.544442

0.590000 0.550000
0.604558 0.545039

1.150000 0.150000
1.202829 0.151869

1.202829 0.151869
1.193492 0.156828

1.202829 0.151869
1.193866 0.146262

1.150000 0.150000
1.202829 0.151869

1.100000 0.150000
1.153391 0.152320

1.153391 0.152320
1.143912 0.157257

1.153391 0.152320
1.144376 0.146579

1.100000 0.150000
1.153391 0.152320

1.150000 0.100000
1.203294 0.101307

1.203294 0.101307
1.193932 0.106410

1.203294 0.101307
1.194194 0.095751

1.150000 0.100000
1.203294 0.101307

0.550000 0.750000
0.607473 0.746810

0.607473 0.746810
0.597838 0.753110

0.607473 0.746810
0.597200 0.741615

0.550000 0.750000
0.607473 0.746810

0.550000 0.700000
0.599645 0.693653

0.599645 0.693653
0.591681 0.699717

0.599645 0.693653
0.590412 0.689788

0.550000 0.700000
0.599645 0.693653

0.550000 0.850000
0.615249 0.848465

0.615249 0.848465
0.604101 0.855256

0.615249 0.848465
0.603794 0.842206

0.550000 0.850000
0.615249 0.848465

0.550000 0.800000
0.611362 0.796688

0.611362 0.796688
0.601065 0.803398

0.611362 0.796688
0.600402 0.791125

0.550000 0.800000
0.611362 0.796688

0.600000 0.650000
0.643251 0.642624

0.643251 0.642624
0.636497 0.648227

0.643251 0.642624
0.635022 0.639577

0.600000 0.650000
0.643251 0.642624

0.600000 0.750000
0.657596 0.744558

0.657596 0.744558
0.648164 0.751260

0.657596 0.744558
0.647076 0.739741

0.600000 0.750000
0.657596 0.744558

0.600000 0.850000
0.665141 0.846983

0.665141 0.846983
0.654160 0.854020

0.665141 0.846983
0.653557 0.840992

0.600000 0.850000
0.665141 0.846983

0.750000 0.950000
0.812484 0.947738

0.812484 0.947738
0.801887 0.954378

0.812484 0.947738
0.801435 0.941882

0.750000 0.950000
0.812484 0.947738

0.750000 0.900000
0.810824 0.896184

0.810824 0.896184
0.800671 0.902927

0.810824 0.896184
0.799907 0.890762

0.750000 0.900000
0.810824 0.896184

0.800000 0.950000
0.860929 0.947903

0.860929 0.947903
0.850585 0.954360

0.860929 0.947903
0.850166 0.942174

0.800000 0.950000
0.860929 0.947903

0.650000 0.950000
0.716144 0.947902

0.716144 0.947902
0.704897 0.954879

0.716144 0.947902
0.704478 0.941651

0.650000 0.950000
0.716144 0.947902

0.650000 1.000000
0.716143 1.000000

0.716143 1.000000
0.704687 1.006614

0.716143 1.000000
0.704687 0.993386

0.650000 1.000000
0.716143 1.000000

0.750000 0.000000
0.814191 0.000000

0.814191 0.000000
0.803073 0.006419

0.814191 0.000000
0.803073 -0.006419

0.750000 0.000000
0.814191 0.000000

0.650000 0.250000
0.707244 0.257771

0.707244 0.257771
0.696552 0.262149

0.707244 0.257771
0.698106 0.250701

0.650000 0.250000
0.707244 0.257771

0.650000 0.200000
0.710825 0.206165

0.710825 0.206165
0.699674 0.211179

0.710825 0.206165
0.700907 0.199014

0.650000 0.200000
0.710825 0.206165

0.650000 0.350000
0.695126 0.359743

0.695126 0.359743
0.686336 0.362568

0.695126 0.359743
0.688284 0.353543

0.650000 0.350000
0.695126 0.359743

0.650000 0.300000
0.701183 0.309129

0.701183 0.309129
0.691405 0.312666

0.701183 0.309129
0.693231 0.302429

0.650000 0.300000
0.701183 0.309129

0.650000 0.650000
0.691267 0.640158

0.691267 0.640158
0.685104 0.645989

0.691267 0.640158
0.683135 0.637736

0.650000 0.650000
0.691267 0.640158

0.650000 0.600000
0.682122 0.588174

0.682122 0.588174
0.677741 0.593434

0.682122 0.588174
0.675376 0.587010

0.650000 0.600000
0.682122 0.588174

0.700000 0.350000
0.744097 0.359394

0.744097 0.359394
0.735520 0.362177

0.744097 0.359394
0.737399 0.353357

0.700000 0.350000
0.744097 0.359394

0.650000 0.400000
0.685559 0.410772

0.685559 0.410772
0.678323 0.412462

0.685559 0.410772
0.680477 0.405350

0.650000 0.400000
0.685559 0.410772

1.050000 0.150000
1.103903 0.152772

1.103903 0.152772
1.094290 0.157682

1.103903 0.152772
1.094844 0.146901

1.050000 0.150000
1.103903 0.152772

1.000000 0.150000
1.054745 0.153345

1.054745 0.153345
1.044928 0.158240

1.054745 0.153345
1.045597 0.147291

1.000000 0.150000
1.054745 0.153345

1.300000 0.550000
1.349519 0.549849

1.349519 0.549849
1.340957 0.554827

1.349519 0.549849
1.340927 0.544923

1.300000 0.550000
1.349519 0.549849

1.250000 0.600000
1.299455 0.599448

1.299455 0.599448
1.290944 0.604489

1.299455 0.599448
1.290834 0.594598

1.250000 0.600000
1.299455 0.599448

1.250000 0.550000
1.299190 0.549777

1.299190 0.549777
1.290692 0.554735

1.299190 0.549777
1.290647 0.544897

1.250000 0.550000
1.299190 0.549777

0.650000 0.750000
0.704590 0.742304

0.704590 0.742304
0.695905 0.749096

0.704590 0.742304
0.694366 0.738178

0.650000 0.750000
0.704590 0.742304

0.650000 0.700000
0.697930 0.689299

0.697930 0.689299
0.690698 0.695945

0.697930 0.689299
0.688558 0.686360

0.650000 0.700000
0.697930 0.689299

0.650000 0.850000
0.712464 0.845500

0.712464 0.845500
0.702095 0.852526

0.712464 0.845500
0.701195 0.840033

0.650000 0.850000
0.712464 0.845500

0.650000 0.800000
0.708528 0.792824

0.708528 0.792824
0.699108 0.799919

0.708528 0.792824
0.697673 0.788214

0.650000 0.800000
0.708528 0.792824

0.700000 0.650000
0.742126 0.640897

0.742126 0.640897
0.735740 0.646686

0.742126 0.640897
0.733919 0.638261

0.700000 0.650000
0.742126 0.640897

0.650000 0.900000
0.714303 0.896503

0.714303 0.896503
0.703515 0.903539

0.714303 0.896503
0.702816 0.890678

0.650000 0.900000
0.714303 0.896503

0.700000 0.950000
0.764745 0.947820

0.764745 0.947820
0.753749 0.954672

0.764745 0.947820
0.753313 0.941723

0.700000 0.950000
0.764745 0.947820

0.700000 0.750000
0.754071 0.742300

0.754071 0.742300
0.745476 0.749041

0.754071 0.742300
0.743936 0.738227

0.700000 0.750000
0.754071 0.742300

0.700000 0.850000
0.761462 0.845268

0.761462 0.845268
0.751289 0.852234

0.761462 0.845268
0.750343 0.839941

0.700000 0.850000
0.761462 0.845268

0.750000 1.000000
0.812483 1.000000

0.812483 1.000000
0.801661 1.006248

0.812483 1.000000
0.801661 0.993752

0.750000 1.000000
0.812483 1.000000

0.850000 0.000000
0.910596 0.000000

0.910596 0.000000
0.900100 0.006060

0.910596 0.000000
0.900100 -0.006060

0.850000 0.000000
0.910596 0.000000

0.850000 0.150000
0.907907 0.155103

0.907907 0.155103
0.897367 0.160010

0.907907 0.155103
0.898387 0.148428

0.850000 0.150000
0.907907 0.155103

0.800000 0.150000
0.859558 0.155416

0.859558 0.155416
0.848701 0.160434

0.859558 0.155416
0.849784 0.148522

0.800000 0.150000
0.859558 0.155416

0.750000 0.350000
0.794686 0.359039

0.794686 0.359039
0.786042 0.361942

0.794686 0.359039
0.787850 0.353005

0.750000 0.350000
0.794686 0.359039

0.750000 0.300000
0.799617 0.309628

0.799617 0.309628
0.790061 0.312922

0.799617 0.309628
0.791986 0.302998

0.750000 0.300000
0.799617 0.309628

0.850000 0.550000
0.889637 0.547139

0.889637 0.547139
0.883058 0.551598

0.889637 0.547139
0.882486 0.543671

0.850000 0.550000
0.889637 0.547139

0.800000 0.550000
0.836048 0.546206

0.836048 0.546206
0.830184 0.550468

0.836048 0.546206
0.829425 0.543258

0.800000 0.550000
0.836048 0.546206

0.850000 0.500000
0.889918 0.500728

0.889918 0.500728
0.882931 0.504594

0.889918 0.500728
0.883077 0.496610

0.850000 0.500000
0.889918 0.500728

0.750000 0.650000
0.792819 0.641635

0.792819 0.641635
0.786239 0.647366

0.792819 0.641635
0.784566 0.638802

0.750000 0.650000
0.792819 0.641635

0.750000 0.600000
0.787962 0.592328

0.787962 0.592328
0.782154 0.597453

0.787962 0.592328
0.780619 0.589860

0.750000 0.600000
0.787962 0.592328

0.800000 0.350000
0.844985 0.357804

0.844985 0.357804
0.836413 0.360951

0.844985 0.357804
0.837974 0.351954

0.800000 0.350000
0.844985 0.357804

1.150000 0.450000
1.198309 0.450906

1.198309 0.450906
1.189851 0.455580

1.198309 0.450906
1.190032 0.445918

1.150000 0.450000
1.198309 0.450906

1.100000 0.450000
1.147540 0.451100

1.147540 0.451100
1.139196 0.455664

1.147540 0.451100
1.139416 0.446156

1.100000 0.450000
1.147540 0.451100

1.150000 0.400000
1.198913 0.401675

1.198913 0.401675
1.190274 0.406276

1.198913 0.401675
1.190609 0.396494

1.150000 0.400000
1.198913 0.401675

0.750000 0.750000
0.802484 0.742295

0.802484 0.742295
0.794164 0.748878

0.802484 0.742295
0.792623 0.738381

0.750000 0.750000
0.802484 0.742295

0.750000 0.700000
0.797652 0.690708

0.797652 0.690708
0.790328 0.697082

0.797652 0.690708
0.788469 0.687552

0.750000 0.700000
0.797652 0.690708

0.750000 0.850000
0.809165 0.845035

0.809165 0.845035
0.799414 0.851811

0.809165 0.845035
0.798421 0.839978

0.750000 0.850000
0.809165 0.845035

0.750000 0.800000
0.805825 0.792738

0.805825 0.792738
0.796882 0.799578

0.805825 0.792738
0.795430 0.788413

0.750000 0.800000
0.805825 0.792738

0.800000 0.750000
0.852040 0.743085

0.852040 0.743085
0.843718 0.749487

0.852040 0.743085
0.842335 0.739079

0.800000 0.750000
0.852040 0.743085

0.800000 0.850000
0.858016 0.845414

0.858016 0.845414
0.848426 0.852010

0.858016 0.845414
0.847509 0.840407

0.800000 0.850000
0.858016 0.845414

0.900000 0.950000
0.957687 0.948307

0.957687 0.948307
0.947865 0.954369

0.957687 0.948307
0.947526 0.942831

0.900000 0.950000
0.957687 0.948307

0.850000 0.950000
0.908998 0.948069

0.908998 0.948069
0.898972 0.954303

0.908998 0.948069
0.898586 0.942504

0.850000 0.950000
0.908998 0.948069

0.850000 0.900000
0.907686 0.896758

0.907686 0.896758
0.898018 0.903088

0.907686 0.896758
0.897370 0.891551

0.850000 0.900000
0.907686 0.896758

0.850000 1.000000
0.908997 1.000000

0.908997 1.000000
0.898779 1.005900

0.908997 1.000000
0.898779 0.994100

0.850000 1.000000
0.908997 1.000000

0.950000 0.000000
1.007571 0.000000

1.007571 0.000000
0.997600 0.005757

1.007571 0.000000
0.997600 -0.005757

0.950000 0.000000
1.007571 0.000000

0.950000 0.050000
1.007576 0.051608

1.007576 0.051608
0.997443 0.057087

1.007576 0.051608
0.997765 0.045572

0.950000 0.050000
1.007576 0.051608

1.000000 0.050000
1.056483 0.051383

1.056483 0.051383
1.046562 0.056792

1.056483 0.051383
1.046838 0.045495

1.000000 0.050000
1.056483 0.051383

0.850000 0.350000
0.895915 0.356567

0.895915 0.356567
0.887306 0.360021

0.895915 0.356567
0.888619 0.350838

0.850000 0.350000
0.895915 0.356567

0.850000 0.300000
0.899313 0.307497

0.899313 0.307497
0.890022 0.311130

0.899313 0.307497
0.891521 0.301267

0.850000 0.300000
0.899313 0.307497

0.950000 0.550000
0.993812 0.548335

0.993812 0.548335
0.986390 0.553004

0.993812 0.548335
0.986057 0.544242

0.950000 0.550000
0.993812 0.548335

0.900000 0.550000
0.941595 0.547737

0.941595 0.547737
0.934617 0.552288

0.941595 0.547737
0.934164 0.543969

0.900000 0.550000
0.941595 0.547737

0.950000 0.500000
0.993977 0.500551

0.993977 0.500551
0.986305 0.504854

0.993977 0.500551
0.986415 0.496058

0.950000 0.500000
0.993977 0.500551

0.900000 0.350000
0.946682 0.355537

0.946682 0.355537
0.938042 0.359246

0.946682 0.355537
0.939150 0.349910

0.900000 0.350000
0.946682 0.355537

1.000000 0.450000
1.045450 0.451576

1.045450 0.451576
1.037420 0.455848

1.045450 0.451576
1.037736 0.446758

1.000000 0.450000
1.045450 0.451576

1.950000 0.150000
2.000975 0.150018

2.000975 0.150018
1.992144 0.155112

2.000975 0.150018
1.992148 0.144917

1.950000 0.150000
2.000975 0.150018

1.950000 0.200000
2.000946 0.200026

2.000946 0.200026
1.992119 0.205116

2.000946 0.200026
1.992124 0.194927

1.950000 0.200000
2.000946 0.200026

1.900000 0.150000
1.950983 0.150041

1.950983 0.150041
1.942149 0.155132

1.950983 0.150041
1.942157 0.144935

1.900000 0.150000
1.950983 0.150041

0.850000 0.700000
0.898145 0.693198

0.898145 0.693198
0.890486 0.699191

0.898145 0.693198
0.889126 0.689562

0.850000 0.700000
0.898145 0.693198

0.850000 0.850000
0.906374 0.845792

0.906374 0.845792
0.897030 0.852159

0.906374 0.845792
0.896189 0.840884

0.850000 0.850000
0.906374 0.845792

0.900000 0.650000
0.945729 0.645010

0.945729 0.645010
0.938307 0.650448

0.945729 0.645010
0.937310 0.641302

0.900000 0.650000
0.945729 0.645010

1.650000 0.950000
1.700924 0.949949

1.700924 0.949949
1.692109 0.955050

1.700924 0.949949
1.692099 0.944865

1.650000 0.950000
1.700924 0.949949

1.650000 0.900000
1.700890 0.899920

1.700890 0.899920
1.692083 0.905023

1.700890 0.899920
1.692067 0.894845

1.650000 0.900000
1.700890 0.899920

1.700000 0.950000
1.750896 0.949960

1.750896 0.949960
1.742084 0.955056

1.750896 0.949960
1.742076 0.944877

1.700000 0.950000
1.750896 0.949960

1.150000 0.950000
1.202915 0.949331

1.202915 0.949331
1.193817 0.954738

1.202915 0.949331
1.193683 0.944155

1.150000 0.950000
1.202915 0.949331

1.150000 1.000000
1.202915 1.000000

1.202915 1.000000
1.193750 1.005292

1.202915 1.000000
1.193750 0.994708

1.150000 1.000000
1.202915 1.000000

1.100000 0.950000
1.153584 0.949159

1.153584 0.949159
1.144387 0.954663

1.153584 0.949159
1.144219 0.943946

1.100000 0.950000
1.153584 0.949159

0.950000 0.950000
1.006232 0.948545

1.006232 0.948545
0.996638 0.954420

1.006232 0.948545
0.996347 0.943174

0.950000 0.950000
1.006232 0.948545

0.950000 1.000000
1.006232 1.000000

1.006232 1.000000
0.996492 1.005623

1.006232 1.000000
0.996492 0.994377

0.950000 1.000000
1.006232 1.000000

1.050000 0.000000
1.105321 0.000000

1.105321 0.000000
1.095739 0.005532

1.105321 0.000000
1.095739 -0.005532

1.050000 0.000000
1.105321 0.000000

1.050000 0.250000
1.101437 0.253520

1.101437 0.253520
1.092176 0.258054

1.101437 0.253520
1.092880 0.247766

1.050000 0.250000
1.101437 0.253520

1.000000 0.250000
1.051673 0.254321

1.051673 0.254321
1.042291 0.258740

1.051673 0.254321
1.043155 0.248405

1.000000 0.250000
1.051673 0.254321

1.050000 0.200000
1.102667 0.203284

1.102667 0.203284
1.093216 0.207982

1.102667 0.203284
1.093873 0.197448

1.050000 0.200000
1.102667 0.203284

0.950000 0.350000
0.997463 0.354506

0.997463 0.354506
0.988791 0.358472

0.997463 0.354506
0.989692 0.348979

0.950000 0.350000
0.997463 0.354506

0.950000 0.300000
0.999647 0.305287

0.999647 0.305287
0.990519 0.309336

0.999647 0.305287
0.991577 0.299407

0.950000 0.300000
0.999647 0.305287

1.050000 0.550000
1.096467 0.549074

1.096467 0.549074
1.088511 0.553881

1.096467 0.549074
1.088326 0.544588

1.050000 0.550000
1.096467 0.549074

1.000000 0.550000
1.045093 0.548704

1.045093 0.548704
1.037412 0.553438

1.045093 0.548704
1.037153 0.544419

1.000000 0.550000
1.045093 0.548704

1.050000 0.500000
1.096580 0.500448

1.096580 0.500448
1.088467 0.505029

1.096580 0.500448
1.088557 0.495713

1.050000 0.500000
1.096580 0.500448

1.450000 0.050000
1.501628 0.050211

1.501628 0.050211
1.492664 0.055338

1.501628 0.050211
1.492707 0.045012

1.450000 0.050000
1.501628 0.050211

1.500000 0.050000
1.551490 0.050172

1.551490 0.050172
1.542555 0.055292

1.551490 0.050172
1.542589 0.044994

1.500000 0.050000
1.551490 0.050172

1.450000 0.100000
1.501510 0.100349

1.501510 0.100349
1.492554 0.105440

1.501510 0.100349
1.492623 0.095138

1.450000 0.100000
1.501510 0.100349

1.850000 0.150000
1.900991 0.150063

1.900991 0.150063
1.892152 0.155151

1.900991 0.150063
1.892165 0.144953

1.850000 0.150000
1.900991 0.150063

1.800000 0.150000
1.851012 0.150091

1.851012 0.150091
1.842168 0.155176

1.851012 0.150091
1.842186 0.144974

1.800000 0.150000
1.851012 0.150091

1.850000 0.100000
1.901007 0.100042

1.901007 0.100042
1.892168 0.105135

1.901007 0.100042
1.892176 0.094934

1.850000 0.100000
1.901007 0.100042

0.950000 0.650000
0.996763 0.646019

0.996763 0.646019
0.989062 0.651385

0.996763 0.646019
0.988265 0.642032

0.950000 0.650000
0.996763 0.646019

0.950000 0.600000
0.995288 0.597053

0.995288 0.597053
0.987738 0.602092

0.995288 0.597053
0.987149 0.593035

0.950000 0.600000
0.995288 0.597053

0.950000 0.750000
1.000859 0.745639

1.000859 0.745639
0.992486 0.751481

1.000859 0.745639
0.991614 0.741309

0.950000 0.750000
1.000859 0.745639

0.950000 0.700000
0.998811 0.695410

0.998811 0.695410
0.990816 0.701086

0.998811 0.695410
0.989898 0.691324

0.950000 0.700000
0.998811 0.695410

1.000000 0.650000
1.047372 0.646752

1.047372 0.646752
1.039492 0.652051

1.047372 0.646752
1.038842 0.642577

1.000000 0.650000
1.047372 0.646752

1.450000 0.850000
1.501015 0.849686

1.501015 0.849686
1.492211 0.854842

1.501015 0.849686
1.492148 0.844639

1.450000 0.850000
1.501015 0.849686

1.400000 0.850000
1.451089 0.849576

1.451089 0.849576
1.442283 0.854758

1.451089 0.849576
1.442198 0.844540

1.400000 0.850000
1.451089 0.849576

1.450000 0.800000
1.500856 0.799612

1.500856 0.799612
1.492086 0.804765

1.500856 0.799612
1.492009 0.794594

1.450000 0.800000
1.500856 0.799612

0.950000 0.900000
1.005282 0.897575

1.005282 0.897575
0.995949 0.903523

1.005282 0.897575
0.995464 0.892467

0.950000 0.900000
1.005282 0.897575

1.000000 0.950000
1.055262 0.948766

1.055262 0.948766
1.045814 0.954506

1.055262 0.948766
1.045567 0.943453

1.000000 0.950000
1.055262 0.948766

1.000000 0.750000
1.050708 0.746367

1.050708 0.746367
1.042288 0.752067

1.050708 0.746367
1.041562 0.741926

1.000000 0.750000
1.050708 0.746367

1.000000 0.850000
1.053624 0.847355

1.053624 0.847355
1.044600 0.853175

1.053624 0.847355
1.044071 0.842451

1.000000 0.850000
1.053624 0.847355

1.050000 1.000000
1.104248 1.000000

1.104248 1.000000
1.094852 1.005425

1.104248 1.000000
1.094852 0.994575

1.050000 1.000000
1.104248 1.000000

1.050000 0.950000
1.104249 0.948987

1.104249 0.948987
1.094954 0.954587

1.104249 0.948987
1.094751 0.943737

1.050000 0.950000
1.104249 0.948987

1.150000 0.050000
1.203766 0.050787

1.203766 0.050787
1.194375 0.056027

1.203766 0.050787
1.194532 0.045274

1.150000 0.050000
1.203766 0.050787

1.150000 0.000000
1.203762 0.000000

1.203762 0.000000
1.194450 0.005376

1.203762 0.000000
1.194450 -0.005376

1.150000 0.000000
1.203762 0.000000

1.200000 0.050000
1.253246 0.050652

1.253246 0.050652
1.243958 0.055864

1.253246 0.050652
1.244089 0.045214

1.200000 0.050000
1.253246 0.050652

1.050000 0.450000
1.096693 0.451296

1.096693 0.451296
1.088476 0.455740

1.096693 0.451296
1.088735 0.446402

1.050000 0.450000
1.096693 0.451296

1.050000 0.400000
1.097685 0.402539

1.097685 0.402539
1.089172 0.406867

1.097685 0.402539
1.089680 0.397330

1.050000 0.400000
1.097685 0.402539

1.100000 0.250000
1.151386 0.252930

1.151386 0.252930
1.142192 0.257561

1.151386 0.252930
1.142778 0.247284

1.100000 0.250000
1.151386 0.252930

1.450000 0.150000
1.501399 0.150502

1.501399 0.150502
1.492446 0.155555

1.501399 0.150502
1.492546 0.145275

1.450000 0.150000
1.501399 0.150502

1.400000 0.150000
1.451552 0.150645

1.451552 0.150645
1.442558 0.155689

1.451552 0.150645
1.442687 0.145378

1.400000 0.150000
1.451552 0.150645

1.050000 0.650000
1.098136 0.647484

1.098136 0.647484
1.090051 0.652734

1.098136 0.647484
1.089547 0.643106

1.050000 0.650000
1.098136 0.647484

1.050000 0.600000
1.097302 0.598248

1.097302 0.598248
1.089284 0.603282

1.097302 0.598248
1.088934 0.593822

1.050000 0.600000
1.097302 0.598248

1.050000 0.750000
1.100669 0.747095

1.100669 0.747095
1.092183 0.752665

1.100669 0.747095
1.091602 0.742531

1.050000 0.750000
1.100669 0.747095

1.050000 0.700000
1.099403 0.697056

1.099403 0.697056
1.091140 0.702506

1.099403 0.697056
1.090552 0.692626

1.050000 0.700000
1.099403 0.697056

1.100000 0.550000
1.147293 0.549296

1.147293 0.549296
1.139172 0.554147

1.147293 0.549296
1.139031 0.544689

1.100000 0.550000
1.147293 0.549296

1.350000 0.650000
1.400131 0.649495

1.400131 0.649495
1.391498 0.654596

1.400131 0.649495
1.391397 0.644570

1.350000 0.650000
1.400131 0.649495

1.300000 0.650000
1.349910 0.649299

1.349910 0.649299
1.341335 0.654412

1.349910 0.649299
1.341195 0.644430

1.300000 0.650000
1.349910 0.649299

1.350000 0.600000
1.399983 0.599716

1.399983 0.599716
1.391354 0.604764

1.399983 0.599716
1.391298 0.594767

1.350000 0.600000
1.399983 0.599716

1.100000 0.750000
1.150592 0.747624

1.150592 0.747624
1.142067 0.753095

1.150592 0.747624
1.141592 0.742976

1.100000 0.750000
1.150592 0.747624

1.050000 0.800000
1.101811 0.797171

1.101811 0.797171
1.093120 0.802842

1.101811 0.797171
1.092554 0.792480

1.050000 0.800000
1.101811 0.797171

1.100000 0.650000
1.148565 0.647977

1.148565 0.647977
1.140355 0.653184

1.148565 0.647977
1.139951 0.643471

1.100000 0.650000
1.148565 0.647977

1.150000 0.900000
1.202492 0.898899

1.202492 0.898899
1.193510 0.904339

1.202492 0.898899
1.193290 0.893841

1.150000 0.900000
1.202492 0.898899

1.200000 0.950000
1.252484 0.949453

1.252484 0.949453
1.243448 0.954796

1.252484 0.949453
1.243339 0.944300

1.200000 0.950000
1.252484 0.949453

1.050000 0.850000
1.102953 0.847842

1.102953 0.847842
1.093997 0.853511

1.102953 0.847842
1.093565 0.842921

1.050000 0.850000
1.102953 0.847842

1.050000 0.900000
1.103601 0.898322

1.103601 0.898322
1.094485 0.903973

1.103601 0.898322
1.094149 0.893253

1.050000 0.900000
1.103601 0.898322

1.100000 0.850000
1.152473 0.848217

1.152473 0.848217
1.143563 0.853773

1.152473 0.848217
1.143206 0.843278

1.100000 0.850000
1.152473 0.848217

1.150000 0.250000
1.201242 0.252341

1.201242 0.252341
1.192132 0.257060

1.201242 0.252341
1.192600 0.246812

1.150000 0.250000
1.201242 0.252341

1.150000 0.200000
1.202032 0.202197

1.202032 0.202197
1.192800 0.207020

1.202032 0.202197
1.193240 0.196613

1.150000 0.200000
1.202032 0.202197

1.250000 0.000000
1.302725 0.000000

1.302725 0.000000
1.293593 0.005273

1.302725 0.000000
1.293593 -0.005273

1.250000 0.000000
1.302725 0.000000

1.250000 0.250000
1.301133 0.251528

1.301133 0.251528
1.292123 0.256377

1.301133 0.251528
1.292429 0.246150

1.250000 0.250000
1.301133 0.251528

1.200000 0.250000
1.251227 0.251934

1.251227 0.251934
1.242161 0.256722

1.251227 0.251934
1.242547 0.246476

1.200000 0.250000
1.251227 0.251934

1.250000 0.200000
1.301630 0.201434

1.301630 0.201434
1.292544 0.206349

1.301630 0.201434
1.292831 0.196023

1.250000 0.200000
1.301630 0.201434

1.150000 0.550000
1.198142 0.549519

1.198142 0.549519
1.189852 0.554416

1.198142 0.549519
1.189756 0.544788

1.150000 0.550000
1.198142 0.549519

1.150000 0.500000
1.198225 0.500368

1.198225 0.500368
1.189835 0.505127

1.198225 0.500368
1.189909 0.495482

1.150000 0.500000
1.198225 0.500368

1.200000 0.450000
1.248847 0.450770

1.248847 0.450770
1.240309 0.455522

1.248847 0.450770
1.240464 0.445752

1.200000 0.450000
1.248847 0.450770

1.750000 0.350000
1.800829 0.350142

1.800829 0.350142
1.792011 0.355201

1.800829 0.350142
1.792040 0.345035

1.750000 0.350000
1.800829 0.350142

1.700000 0.350000
1.750818 0.350187

1.750818 0.350187
1.741997 0.355236

1.750818 0.350187
1.742035 0.345073

1.700000 0.350000
1.750818 0.350187

1.750000 0.300000
1.800880 0.300153

1.800880 0.300153
1.792052 0.305215

1.800880 0.300153
1.792083 0.295039

1.750000 0.300000
1.800880 0.300153

1.150000 0.650000
1.199088 0.648470

1.199088 0.648470
1.190739 0.653644

1.199088 0.648470
1.190433 0.643827

1.150000 0.650000
1.199088 0.648470

1.150000 0.600000
1.198615 0.598994

1.198615 0.598994
1.190295 0.604030

1.198615 0.598994
1.190094 0.594307

1.150000 0.600000
1.198615 0.598994

1.150000 0.700000
1.199855 0.698182

1.199855 0.698182
1.191402 0.703483

1.199855 0.698182
1.191038 0.693512

1.150000 0.700000
1.199855 0.698182

1.200000 0.550000
1.248667 0.549648

1.248667 0.549648
1.240273 0.554575

1.248667 0.549648
1.240203 0.544842

1.200000 0.550000
1.248667 0.549648

1.200000 0.650000
1.249376 0.648787

1.249376 0.648787
1.240945 0.653935

1.249376 0.648787
1.240703 0.644059

1.200000 0.650000
1.249376 0.648787

1.550000 0.850000
1.600912 0.849822

1.600912 0.849822
1.592112 0.854944

1.600912 0.849822
1.592076 0.844762

1.550000 0.850000
1.600912 0.849822

1.500000 0.850000
1.550951 0.849754

1.550951 0.849754
1.542151 0.854892

1.550951 0.849754
1.542102 0.844702

1.500000 0.850000
1.550951 0.849754

1.550000 0.800000
1.600819 0.799783

1.600819 0.799783
1.592039 0.804902

1.600819 0.799783
1.591995 0.794738

1.550000 0.800000
1.600819 0.799783

1.250000 0.950000
1.302060 0.949576

1.302060 0.949576
1.293085 0.954855

1.302060 0.949576
1.293000 0.944443

1.250000 0.950000
1.302060 0.949576

1.250000 0.900000
1.301792 0.899307

1.301792 0.899307
1.292891 0.904606

1.301792 0.899307
1.292752 0.894248

1.250000 0.900000
1.301792 0.899307

1.300000 0.950000
1.351790 0.949658

1.351790 0.949658
1.342854 0.954896

1.351790 0.949658
1.342786 0.944538

1.300000 0.950000
1.351790 0.949658

1.150000 0.850000
1.202070 0.848591

1.202070 0.848591
1.193192 0.854042

1.202070 0.848591
1.192910 0.843628

1.150000 0.850000
1.202070 0.848591

1.200000 0.850000
1.251761 0.848854

1.251761 0.848854
1.242911 0.854229

1.251761 0.848854
1.242681 0.843876

1.200000 0.850000
1.251761 0.848854

1.250000 1.000000
1.302059 1.000000

1.302059 1.000000
1.293042 1.005206

1.302059 1.000000
1.293042 0.994794

1.250000 1.000000
1.302059 1.000000

1.350000 0.000000
1.402054 0.000000

1.402054 0.000000
1.393038 0.005205

1.402054 0.000000
1.393038 -0.005205

1.350000 0.000000
1.402054 0.000000

1.350000 0.050000
1.402057 0.050333

1.402057 0.050333
1.393007 0.055481

1.402057 0.050333
1.393074 0.045069

1.350000 0.050000
1.402057 0.050333

1.350000 0.100000
1.401868 0.100550

1.401868 0.100550
1.392829 0.105642

1.401868 0.100550
1.392939 0.095268

1.350000 0.100000
1.401868 0.100550

1.400000 0.050000
1.451839 0.050272

1.451839 0.050272
1.442833 0.055409

1.451839 0.050272
1.442888 0.045041

1.400000 0.050000
1.451839 0.050272

1.250000 0.450000
1.299317 0.450636

1.299317 0.450636
1.290711 0.455457

1.299317 0.450636
1.290838 0.445594

1.250000 0.450000
1.299317 0.450636

1.250000 0.400000
1.299689 0.401105

1.299689 0.401105
1.290972 0.405883

1.299689 0.401105
1.291193 0.395945

1.250000 0.400000
1.299689 0.401105

1.300000 0.150000
1.351923 0.151006

1.351923 0.151006
1.342829 0.156024

1.351923 0.151006
1.343031 0.145640

1.300000 0.150000
1.351923 0.151006

1.250000 0.500000
1.299252 0.500300

1.299252 0.500300
1.290691 0.505173

1.299252 0.500300
1.290751 0.495323

1.250000 0.500000
1.299252 0.500300

1.250000 0.650000
1.299721 0.649104

1.299721 0.649104
1.291199 0.654231

1.299721 0.649104
1.291019 0.644287

1.250000 0.650000
1.299721 0.649104

1.300000 0.350000
1.350268 0.351082

1.350268 0.351082
1.341453 0.355921

1.350268 0.351082
1.341670 0.345868

1.300000 0.350000
1.350268 0.351082

1.950000 0.450000
2.000805 0.450018

2.000805 0.450018
1.992003 0.455096

2.000805 0.450018
1.992007 0.444935

1.950000 0.450000
2.000805 0.450018

2.000000 0.450000
2.050809 0.450000

2.050809 0.450000
2.042008 0.455081

2.050809 0.450000
2.042008 0.444919

2.000000 0.450000
2.050809 0.450000

1.450000 0.750000
1.500698 0.749617

1.500698 0.749617
1.491955 0.754753

1.500698 0.749617
1.491878 0.744613

1.450000 0.750000
1.500698 0.749617

1.400000 0.750000
1.450663 0.749473

1.450663 0.749473
1.441941 0.754631

1.450663 0.749473
1.441835 0.744498

1.400000 0.750000
1.450663 0.749473

1.450000 0.700000
1.500544 0.699652

1.500544 0.699652
1.491824 0.704766

1.500544 0.699652
1.491755 0.694657

1.450000 0.700000
1.500544 0.699652

1.250000 0.750000
1.300633 0.748869

1.300633 0.748869
1.291976 0.754128

1.300633 0.748869
1.291750 0.744001

1.250000 0.750000
1.300633 0.748869

1.250000 0.700000
1.300177 0.698915

1.300177 0.698915
1.291594 0.704120

1.300177 0.698915
1.291377 0.694085

1.250000 0.700000
1.300177 0.698915

1.300000 0.750000
1.350621 0.749099

1.350621 0.749099
1.341943 0.754318

1.350621 0.749099
1.341763 0.744193

1.300000 0.750000
1.350621 0.749099

1.250000 0.800000
1.301079 0.798881

1.301079 0.798881
1.292344 0.804183

1.301079 0.798881
1.292120 0.793967

1.250000 0.800000
1.301079 0.798881

1.350000 0.950000
1.401530 0.949740

1.401530 0.949740
1.392631 0.954938

1.401530 0.949740
1.392579 0.944632

1.350000 0.950000
1.401530 0.949740

1.350000 0.900000
1.401366 0.899578

1.401366 0.899578
1.392511 0.904787

1.401366 0.899578
1.392427 0.894514

1.350000 0.900000
1.401366 0.899578

1.400000 0.950000
1.451368 0.949792

1.451368 0.949792
1.442492 0.954965

1.451368 0.949792
1.442450 0.944691

1.400000 0.950000
1.451368 0.949792

1.250000 0.850000
1.301526 0.849117

1.301526 0.849117
1.292689 0.854422

1.301526 0.849117
1.292513 0.844117

1.250000 0.850000
1.301526 0.849117

1.300000 0.850000
1.351336 0.849291

1.351336 0.849291
1.342515 0.854547

1.351336 0.849291
1.342373 0.844280

1.300000 0.850000
1.351336 0.849291

1.350000 1.000000
1.401530 1.000000

1.401530 1.000000
1.392605 1.005153

1.401530 1.000000
1.392605 0.994847

1.350000 1.000000
1.401530 1.000000

1.350000 0.150000
1.401685 0.150789

1.401685 0.150789
1.392654 0.155820

1.401685 0.150789
1.392812 0.145483

1.350000 0.150000
1.401685 0.150789

1.450000 0.000000
1.501625 0.000000

1.501625 0.000000
1.492683 0.005162

1.501625 0.000000
1.492683 -0.005162

1.450000 0.000000
1.501625 0.000000

1.350000 0.350000
1.400402 0.350856

1.400402 0.350856
1.391586 0.355748

1.400402 0.350856
1.391758 0.345668

1.350000 0.350000
1.400402 0.350856

1.350000 0.300000
1.400730 0.300990

1.400730 0.300990
1.391845 0.305891

1.400730 0.300990
1.392043 0.295745

1.350000 0.300000
1.400730 0.300990

1.350000 0.550000
1.399838 0.549921

1.399838 0.549921
1.391213 0.554918

1.399838 0.549921
1.391198 0.544951

1.350000 0.550000
1.399838 0.549921

1.350000 0.500000
1.399886 0.500240

1.399886 0.500240
1.391221 0.505187

1.399886 0.500240
1.391269 0.495210

1.350000 0.500000
1.399886 0.500240

1.400000 0.350000
1.450528 0.350707

1.450528 0.350707
1.441706 0.355637

1.450528 0.350707
1.441847 0.345532

1.400000 0.350000
1.450528 0.350707

1.950000 0.250000
2.000921 0.250025

2.000921 0.250025
1.992098 0.255113

2.000921 0.250025
1.992103 0.244929

1.950000 0.250000
2.000921 0.250025

1.950000 0.300000
2.000888 0.300028

2.000888 0.300028
1.992071 0.305112

2.000888 0.300028
1.992076 0.294934

1.950000 0.300000
2.000888 0.300028

1.900000 0.250000
1.950923 0.250053

1.950923 0.250053
1.942098 0.255136

1.950923 0.250053
1.942108 0.244951

1.900000 0.250000
1.950923 0.250053

1.400000 0.550000
1.450042 0.549957

1.450042 0.549957
1.441379 0.554969

1.450042 0.549957
1.441370 0.544960

1.400000 0.550000
1.450042 0.549957

1.400000 0.450000
1.450143 0.450380

1.450143 0.450380
1.441420 0.455328

1.450143 0.450380
1.441496 0.445300

1.400000 0.450000
1.450143 0.450380

1.950000 0.500000
2.000788 0.500012

2.000788 0.500012
1.991990 0.505089

2.000788 0.500012
1.991992 0.494931

1.950000 0.500000
2.000788 0.500012

2.000000 0.550000
2.050777 0.550000

2.050777 0.550000
2.041982 0.555078

2.050777 0.550000
2.041982 0.544922

2.000000 0.550000
2.050777 0.550000

1.350000 0.750000
1.400664 0.749330

1.400664 0.749330
1.391956 0.754513

1.400664 0.749330
1.391822 0.744380

1.350000 0.750000
1.400664 0.749330

1.350000 0.700000
1.400397 0.699374

1.400397 0.699374
1.391730 0.704522

1.400397 0.699374
1.391605 0.694442

1.350000 0.700000
1.400397 0.699374

1.350000 0.800000
1.400932 0.799331

1.400932 0.799331
1.392178 0.804540

1.400932 0.799331
1.392044 0.794354

1.350000 0.800000
1.400932 0.799331

1.400000 0.650000
1.450253 0.649612

1.450253 0.649612
1.441587 0.654705

1.450253 0.649612
1.441510 0.644654

1.400000 0.650000
1.450253 0.649612

1.450000 0.900000
1.501114 0.899750

1.501114 0.899750
1.492285 0.904905

1.501114 0.899750
1.492235 0.894682

1.450000 0.900000
1.501114 0.899750

1.350000 0.850000
1.401202 0.849465

1.401202 0.849465
1.392387 0.854678

1.401202 0.849465
1.392280 0.844438

1.350000 0.850000
1.401202 0.849465

1.450000 0.950000
1.501213 0.949845

1.501213 0.949845
1.492358 0.954993

1.501213 0.949845
1.492327 0.944750

1.450000 0.950000
1.501213 0.949845

1.450000 1.000000
1.501212 1.000000

1.501212 1.000000
1.492342 1.005121

1.501212 1.000000
1.492342 0.994879

1.450000 1.000000
1.501212 1.000000

1.550000 0.000000
1.601354 0.000000

1.601354 0.000000
1.592459 0.005135

1.601354 0.000000
1.592459 -0.005135

1.550000 0.000000
1.601354 0.000000

1.450000 0.350000
1.500605 0.350559

1.500605 0.350559
1.491784 0.355522

1.500605 0.350559
1.491896 0.345401

1.450000 0.350000
1.500605 0.350559

1.450000 0.300000
1.500808 0.300636

1.500808 0.300636
1.491944 0.305606

1.500808 0.300636
1.492071 0.295445

1.450000 0.300000
1.500808 0.300636

1.550000 0.250000
1.600979 0.250402

1.600979 0.250402
1.592109 0.255430

1.600979 0.250402
1.592189 0.245234

1.550000 0.250000
1.600979 0.250402

1.500000 0.250000
1.551011 0.250517

1.551011 0.250517
1.542124 0.255528

1.551011 0.250517
1.542227 0.245326

1.500000 0.250000
1.551011 0.250517

1.550000 0.200000
1.601095 0.200370

1.601095 0.200370
1.592208 0.205416

1.601095 0.200370
1.592282 0.195197

1.550000 0.200000
1.601095 0.200370

1.450000 0.450000
1.500312 0.450314

1.500312 0.450314
1.491566 0.455290

1.500312 0.450314
1.491629 0.445228

1.450000 0.450000
1.500312 0.450314

1.450000 0.400000
1.500457 0.400482

1.500457 0.400482
1.491669 0.405445

1.500457 0.400482
1.491766 0.395353

1.450000 0.400000
1.500457 0.400482

1.450000 0.550000
1.500235 0.549995

1.500235 0.549995
1.491535 0.555019

1.500235 0.549995
1.491534 0.544972

1.450000 0.550000
1.500235 0.549995

1.450000 0.500000
1.500272 0.500188

1.500272 0.500188
1.491546 0.505183

1.500272 0.500188
1.491584 0.495128

1.450000 0.500000
1.500272 0.500188

1.500000 0.350000
1.550681 0.350460

1.550681 0.350460
1.541857 0.355449

1.550681 0.350460
1.541949 0.345312

1.500000 0.350000
1.550681 0.350460

1.450000 0.650000
1.500392 0.649729

1.500392 0.649729
1.491691 0.654816

1.500392 0.649729
1.491637 0.644737

1.450000 0.650000
1.500392 0.649729

1.450000 0.600000
1.500313 0.599869

1.500313 0.599869
1.491611 0.604923

1.500313 0.599869
1.491585 0.594860

1.450000 0.600000
1.500313 0.599869

1.500000 0.450000
1.550437 0.450266

1.550437 0.450266
1.541675 0.455263

1.550437 0.450266
1.541728 0.445176

1.500000 0.450000
1.550437 0.450266

1.500000 0.550000
1.550361 0.550011

1.550361 0.550011
1.541637 0.555045

1.550361 0.550011
1.541640 0.544973

1.500000 0.550000
1.550361 0.550011

1.750000 0.650000
1.800720 0.649975

1.800720 0.649975
1.791938 0.655051

1.800720 0.649975
1.791933 0.644907

1.750000 0.650000
1.800720 0.649975

1.700000 0.650000
1.750689 0.649956

1.750689 0.649956
1.741914 0.655032

1.750689 0.649956
1.741905 0.644895

1.700000 0.650000
1.750689 0.649956

1.750000 0.600000
1.800712 0.600005

1.800712 0.600005
1.791928 0.605076

1.800712 0.600005
1.791929 0.594933

1.750000 0.600000
1.800712 0.600005

1.500000 0.650000
1.550470 0.649796

1.550470 0.649796
1.541748 0.654879

1.550470 0.649796
1.541708 0.644785

1.500000 0.650000
1.550470 0.649796

1.950000 0.700000
2.000776 0.699995

2.000776 0.699995
1.991982 0.705073

2.000776 0.699995
1.991981 0.694918

1.950000 0.700000
2.000776 0.699995

1.900000 0.650000
1.950765 0.649995

1.950765 0.649995
1.941972 0.655073

1.950765 0.649995
1.941971 0.644920

1.900000 0.650000
1.950765 0.649995

1.950000 0.650000
2.000769 0.649999

2.000769 0.649999
1.991976 0.655076

2.000769 0.649999
1.991976 0.644922

1.950000 0.650000
2.000769 0.649999

1.800000 0.950000
1.850853 0.949978

1.850853 0.949978
1.842047 0.955067

1.850853 0.949978
1.842043 0.944897

1.800000 0.950000
1.850853 0.949978

1.750000 0.950000
1.800867 0.949972

1.800867 0.949972
1.792060 0.955063

1.800867 0.949972
1.792054 0.944890

1.750000 0.950000
1.800867 0.949972

1.750000 0.900000
1.800847 0.899957

1.800847 0.899957
1.792044 0.905049

1.800847 0.899957
1.792036 0.894880

1.750000 0.900000
1.800847 0.899957

1.500000 0.750000
1.550702 0.749703

1.550702 0.749703
1.541950 0.754824

1.550702 0.749703
1.541890 0.744684

1.500000 0.750000
1.550702 0.749703

1.550000 0.950000
1.601028 0.949910

1.601028 0.949910
1.592199 0.955028

1.601028 0.949910
1.592181 0.944823

1.550000 0.950000
1.601028 0.949910

1.550000 1.000000
1.601028 1.000000

1.601028 1.000000
1.592189 1.005103

1.601028 1.000000
1.592189 0.994897

1.550000 1.000000
1.601028 1.000000

1.500000 0.950000
1.551119 0.949877

1.551119 0.949877
1.542277 0.955010

1.551119 0.949877
1.542252 0.944786

1.500000 0.950000
1.551119 0.949877

1.650000 0.000000
1.701185 0.000000

1.701185 0.000000
1.692320 0.005119

1.701185 0.000000
1.692320 -0.005119

1.650000 0.000000
1.701185 0.000000

1.750000 0.150000
1.801030 0.150119

1.801030 0.150119
1.792180 0.155201

1.801030 0.150119
1.792203 0.144995

1.750000 0.150000
1.801030 0.150119

1.700000 0.150000
1.751069 0.150158

1.751069 0.150158
1.742207 0.155238

1.751069 0.150158
1.742239 0.145024

1.700000 0.150000
1.751069 0.150158

1.550000 0.350000
1.600724 0.350363

1.600724 0.350363
1.591902 0.355372

1.600724 0.350363
1.591975 0.345228

1.550000 0.350000
1.600724 0.350363

1.550000 0.300000
1.600850 0.300406

1.600850 0.300406
1.592002 0.305420

1.600850 0.300406
1.592083 0.295250

1.550000 0.300000
1.600850 0.300406

1.550000 0.450000
1.600537 0.450219

1.600537 0.450219
1.591761 0.455234

1.600537 0.450219
1.591805 0.445127

1.550000 0.450000
1.600537 0.450219

1.550000 0.400000
1.600629 0.400318

1.600629 0.400318
1.591828 0.405326

1.600629 0.400318
1.591891 0.395200

1.550000 0.400000
1.600629 0.400318

1.600000 0.250000
1.650975 0.250327

1.650975 0.250327
1.642113 0.255368

1.650975 0.250327
1.642179 0.245173

1.600000 0.250000
1.650975 0.250327

1.550000 0.550000
1.600477 0.550027

1.600477 0.550027
1.591731 0.555070

1.600477 0.550027
1.591737 0.544975

1.550000 0.550000
1.600477 0.550027

1.550000 0.500000
1.600505 0.500143

1.600505 0.500143
1.591743 0.505169

1.600505 0.500143
1.591772 0.495068

1.550000 0.500000
1.600505 0.500143

1.600000 0.350000
1.650769 0.350297

1.650769 0.350297
1.641946 0.355323

1.650769 0.350297
1.642005 0.345169

1.600000 0.350000
1.650769 0.350297

1.550000 0.650000
1.600556 0.649864

1.600556 0.649864
1.591813 0.654943

1.600556 0.649864
1.591786 0.644832

1.550000 0.650000
1.600556 0.649864

1.550000 0.600000
1.600516 0.599950

1.600516 0.599950
1.591771 0.605011

1.600516 0.599950
1.591761 0.594907

1.550000 0.600000
1.600516 0.599950

1.600000 0.450000
1.650612 0.450183

1.650612 0.450183
1.641827 0.455213

1.650612 0.450183
1.641864 0.445090

1.600000 0.450000
1.650612 0.450183

1.550000 0.750000
1.600728 0.749789

1.600728 0.749789
1.591963 0.754898

1.600728 0.749789
1.591920 0.744752

1.550000 0.750000
1.600728 0.749789

1.550000 0.700000
1.600641 0.699814

1.600641 0.699814
1.591888 0.704911

1.600641 0.699814
1.591851 0.694783

1.550000 0.700000
1.600641 0.699814

1.600000 0.550000
1.650554 0.550031

1.650554 0.550031
1.641795 0.555081

1.650554 0.550031
1.641801 0.544971

1.600000 0.550000
1.650554 0.550031

1.600000 0.650000
1.650606 0.649900

1.650606 0.649900
1.641850 0.654978

1.650606 0.649900
1.641831 0.644857

1.600000 0.650000
1.650606 0.649900

1.750000 0.850000
1.800829 0.849949

1.800829 0.849949
1.792030 0.855041

1.800829 0.849949
1.792020 0.844875

1.750000 0.850000
1.800829 0.849949

1.700000 0.850000
1.750839 0.849926

1.750839 0.849926
1.742041 0.855023

1.750839 0.849926
1.742026 0.844855

1.700000 0.850000
1.750839 0.849926

1.750000 0.800000
1.800799 0.799939

1.800799 0.799939
1.792006 0.805030

1.800799 0.799939
1.791994 0.794870

1.750000 0.800000
1.800799 0.799939

1.550000 0.900000
1.600969 0.899857

1.600969 0.899857
1.592156 0.904979

1.600969 0.899857
1.592127 0.894785

1.550000 0.900000
1.600969 0.899857

1.600000 0.950000
1.650975 0.949929

1.650975 0.949929
1.642153 0.955039

1.650975 0.949929
1.642139 0.944844

1.600000 0.950000
1.650975 0.949929

1.600000 0.750000
1.650734 0.749838

1.650734 0.749838
1.641963 0.754940

1.650734 0.749838
1.641931 0.744793

1.600000 0.750000
1.650734 0.749838

1.600000 0.850000
1.650877 0.849862

1.650877 0.849862
1.642079 0.854974

1.650877 0.849862
1.642051 0.844798

1.600000 0.850000
1.650877 0.849862

1.650000 1.000000
1.700923 1.000000

1.700923 1.000000
1.692103 1.005092

1.700923 1.000000
1.692103 0.994908

1.650000 1.000000
1.700923 1.000000

1.650000 0.250000
1.700953 0.250252

1.700953 0.250252
1.692103 0.255304

1.700953 0.250252
1.692153 0.245113

1.650000 0.250000
1.700953 0.250252

1.650000 0.200000
1.701025 0.200230

1.701025 0.200230
1.692164 0.205292

1.701025 0.200230
1.692210 0.195088

1.650000 0.200000
1.701025 0.200230

1.750000 0.000000
1.801083 0.000000

1.801083 0.000000
1.792235 0.005108

1.801083 0.000000
1.792235 -0.005108

1.750000 0.000000
1.801083 0.000000

1.650000 0.350000
1.700792 0.350232

1.700792 0.350232
1.691971 0.355271

1.700792 0.350232
1.692018 0.345113

1.650000 0.350000
1.700792 0.350232

1.650000 0.300000
1.700871 0.300255

1.700871 0.300255
1.692034 0.305298

1.700871 0.300255
1.692085 0.295124

1.650000 0.300000
1.700871 0.300255

1.650000 0.450000
1.700669 0.450149

1.700669 0.450149
1.691878 0.455190

1.700669 0.450149
1.691908 0.445056

1.650000 0.450000
1.700669 0.450149

1.650000 0.400000
1.700729 0.400206

1.700729 0.400206
1.691922 0.405243

1.700729 0.400206
1.691963 0.395097

1.650000 0.400000
1.700729 0.400206

1.700000 0.250000
1.750950 0.250202

1.750950 0.250202
1.742105 0.255262

1.750950 0.250202
1.742146 0.245072

1.700000 0.250000
1.750950 0.250202

1.650000 0.550000
1.700622 0.550036

1.700622 0.550036
1.691851 0.555092

1.700622 0.550036
1.691858 0.544968

1.650000 0.550000
1.700622 0.550036

1.650000 0.500000
1.700644 0.500104

1.700644 0.500104
1.691862 0.505151

1.700644 0.500104
1.691883 0.495022

1.650000 0.500000
1.700644 0.500104

1.650000 0.650000
1.700658 0.649937

1.700658 0.649937
1.691890 0.655014

1.700658 0.649937
1.691878 0.644882

1.650000 0.650000
1.700658 0.649937

1.650000 0.600000
1.700639 0.599990

1.700639 0.599990
1.691869 0.605056

1.700639 0.599990
1.691867 0.594928

1.650000 0.600000
1.700639 0.599990

1.650000 0.750000
1.700752 0.749888

1.700752 0.749888
1.691973 0.754983

1.700752 0.749888
1.691950 0.744832

1.650000 0.750000
1.700752 0.749888

1.650000 0.700000
1.700704 0.699906

1.700704 0.699906
1.691931 0.704993

1.700704 0.699906
1.691913 0.694852

1.650000 0.700000
1.700704 0.699906

1.700000 0.550000
1.750668 0.550034

1.750668 0.550034
1.741889 0.555095

1.750668 0.550034
1.741896 0.544961

1.700000 0.550000
1.750668 0.550034

1.650000 0.850000
1.700857 0.849903

1.700857 0.849903
1.692058 0.855005

1.700857 0.849903
1.692038 0.844834

1.650000 0.850000
1.700857 0.849903

1.650000 0.800000
1.700804 0.799882

1.700804 0.799882
1.692016 0.804983

1.700804 0.799882
1.691992 0.794822

1.650000 0.800000
1.700804 0.799882

1.750000 1.000000
1.800866 1.000000

1.800866 1.000000
1.792056 1.005087

1.800866 1.000000
1.792056 0.994913

1.750000 1.000000
1.800866 1.000000

1.850000 0.950000
1.900838 0.949985

1.900838 0.949985
1.892034 0.955072

1.900838 0.949985
1.892031 0.944904

1.850000 0.950000
1.900838 0.949985

1.850000 1.000000
1.900837 1.000000

1.900837 1.000000
1.892032 1.005084

1.900837 1.000000
1.892032 0.994916

1.850000 1.000000
1.900837 1.000000

1.750000 0.200000
1.800981 0.200137

1.800981 0.200137
1.792137 0.205211

1.800981 0.200137
1.792164 0.195015

1.750000 0.200000
1.800981 0.200137

1.750000 0.250000
1.800935 0.250152

1.800935 0.250152
1.792098 0.255219

1.800935 0.250152
1.792128 0.245032

1.750000 0.250000
1.800935 0.250152

2.000000 0.250000
2.050922 0.250000

2.050922 0.250000
2.042102 0.255092

2.050922 0.250000
2.042102 0.244908

2.000000 0.250000
2.050922 0.250000

1.800000 0.250000
1.850934 0.250116

1.850934 0.250116
1.842100 0.255189

1.850934 0.250116
1.842123 0.245003

1.800000 0.250000
1.850934 0.250116

2.000000 0.350000
2.050861 0.350000

2.050861 0.350000
2.042052 0.355086

2.050861 0.350000
2.042052 0.344914

2.000000 0.350000
2.050861 0.350000

1.800000 0.450000
1.850771 0.450075

1.850771 0.450075
1.841969 0.455139

1.850771 0.450075
1.841984 0.444985

1.800000 0.450000
1.850771 0.450075

1.750000 0.500000
1.800725 0.500071

1.800725 0.500071
1.791932 0.505131

1.800725 0.500071
1.791946 0.494986

1.750000 0.500000
1.800725 0.500071

1.800000 0.350000
1.850844 0.350109

1.850844 0.350109
1.842027 0.355175

1.850844 0.350109
1.842048 0.345006

1.800000 0.350000
1.850844 0.350109

1.900000 0.450000
1.950799 0.450036

1.950799 0.450036
1.941996 0.455110

1.950799 0.450036
1.942004 0.444950

1.900000 0.450000
1.950799 0.450036

1.750000 0.550000
1.800707 0.550032

1.800707 0.550032
1.791921 0.555097

1.800707 0.550032
1.791927 0.544956

1.750000 0.550000
1.800707 0.550032

1.800000 0.550000
1.850733 0.550026

1.850733 0.550026
1.841944 0.555095

1.850733 0.550026
1.841949 0.544949

1.800000 0.550000
1.850733 0.550026

2.000000 0.650000
2.050772 0.650000

2.050772 0.650000
2.041978 0.655077

2.050772 0.650000
2.041978 0.644923

2.000000 0.650000
2.050772 0.650000

1.800000 0.650000
1.850738 0.649983

1.850738 0.649983
1.841952 0.655060

1.850738 0.649983
1.841949 0.644912

1.800000 0.650000
1.850738 0.649983

2.000000 0.750000
2.050788 0.750000

2.050788 0.750000
2.041991 0.755079

2.050788 0.750000
2.041991 0.744921

2.000000 0.750000
2.050788 0.750000

1.800000 0.750000
1.850775 0.749960

1.850775 0.749960
1.841985 0.755044

1.850775 0.749960
1.841976 0.744889

1.800000 0.750000
1.850775 0.749960

1.850000 0.900000
1.900826 0.899979

1.900826 0.899979
1.892025 0.905065

1.900826 0.899979
1.892021 0.894900

1.850000 0.900000
1.900826 0.899979

1.900000 0.950000
1.950832 0.949991

1.950832 0.949991
1.942029 0.955076

1.950832 0.949991
1.942027 0.944910

1.900000 0.950000
1.950832 0.949991

1.800000 0.850000
1.850821 0.849963

1.850821 0.849963
1.842022 0.855051

1.850821 0.849963
1.842015 0.844887

1.800000 0.850000
1.850821 0.849963

1.925000 0.925000
1.975827 0.924992

1.975827 0.924992
1.967024 0.930076

1.975827 0.924992
1.967022 0.919910

1.925000 0.925000
1.975827 0.924992

1.950000 0.100000
2.000990 0.100017

2.000990 0.100017
1.992157 0.105113

2.000990 0.100017
1.992160 0.094915

1.950000 0.100000
2.000990 0.100017

2.000000 0.150000
2.050974 0.150000

2.050974 0.150000
2.042145 0.155097

2.050974 0.150000
2.042145 0.144903

2.000000 0.150000
2.050974 0.150000

1.850000 0.250000
1.900924 0.250081

1.900924 0.250081
1.892095 0.255159

1.900924 0.250081
1.892112 0.244974

1.850000 0.250000
1.900924 0.250081

1.850000 0.200000
1.900955 0.200071

1.900955 0.200071
1.892122 0.205154

1.900955 0.200071
1.892137 0.194963

1.850000 0.200000
1.900955 0.200071

1.850000 0.350000
1.900848 0.350077

1.900848 0.350077
1.892033 0.355148

1.900848 0.350077
1.892049 0.344979

1.850000 0.350000
1.900848 0.350077

1.850000 0.300000
1.900884 0.300081

1.900884 0.300081
1.892063 0.305155

1.900884 0.300081
1.892079 0.294979

1.850000 0.300000
1.900884 0.300081

1.850000 0.450000
1.900786 0.450054

1.900786 0.450054
1.891984 0.455123

1.900786 0.450054
1.891995 0.444966

1.850000 0.450000
1.900786 0.450054

1.850000 0.400000
1.900816 0.400069

1.900816 0.400069
1.892007 0.405139

1.900816 0.400069
1.892021 0.394976

1.850000 0.400000
1.900816 0.400069

1.850000 0.550000
1.900754 0.550021

1.900754 0.550021
1.891961 0.555093

1.900754 0.550021
1.891965 0.544942

1.850000 0.550000
1.900754 0.550021

1.850000 0.500000
1.900768 0.500041

1.900768 0.500041
1.891971 0.505111

1.900768 0.500041
1.891979 0.494957

1.850000 0.500000
1.900768 0.500041

1.850000 0.650000
1.900755 0.649992

1.900755 0.649992
1.891965 0.655069

1.900755 0.649992
1.891963 0.644918

1.850000 0.650000
1.900755 0.649992

1.850000 0.600000
1.900753 0.600008

1.900753 0.600008
1.891961 0.605082

1.900753 0.600008
1.891963 0.594931

1.850000 0.600000
1.900753 0.600008

1.850000 0.700000
1.900767 0.699982

1.900767 0.699982
1.891976 0.705062

1.900767 0.699982
1.891972 0.694908

1.850000 0.700000
1.900767 0.699982

1.850000 0.750000
1.900782 0.749975

1.900782 0.749975
1.891989 0.755058

1.900782 0.749975
1.891984 0.744901

1.850000 0.750000
1.900782 0.749975

1.850000 0.800000
1.900798 0.799972

1.900798 0.799972
1.892002 0.805056

1.900798 0.799972
1.891997 0.794897

1.850000 0.800000
1.900798 0.799972

1.850000 0.850000
1.900816 0.849976

1.900816 0.849976
1.892017 0.855062

1.900816 0.849976
1.892012 0.844899

1.850000 0.850000
1.900816 0.849976

0.485201 0.431371
0.485201 0.431371

0.485201 0.431371
0.485201 0.431371

0.485201 0.431371
0.485201 0.431371

0.485201 0.431371
0.485201 0.431371

0.511346 0.361643
0.553716 0.360806

0.553716 0.360806
0.546461 0.365188

0.553716 0.360806
0.546293 0.356714

0.511346 0.361643
0.553716 0.360806

0.561612 0.533659
0.561612 0.533659

0.561612 0.533659
0.561612 0.533659

0.561612 0.533659
0.561612 0.533659

0.561612 0.533659
0.561612 0.533659

0.504966 0.570031
0.504966 0.570031

0.504966 0.570031
0.504966 0.570031

0.504966 0.570031
0.504966 0.570031

0.504966 0.570031
0.504966 0.570031

0.410401 0.455645
0.425785 0.450859

0.425785 0.450859
0.423599 0.453227

0.425785 0.450859
0.422642 0.450150

0.410401 0.455645
0.425785 0.450859

0.360401 0.505645
0.383760 0.506458

0.383760 0.506458
0.379633 0.508653

0.383760 0.506458
0.379795 0.503981

0.360401 0.505645
0.383760 0.506458

0.434255 0.475373
0.434255 0.475373

0.434255 0.475373
0.434255 0.475373

0.434255 0.475373
0.434255 0.475373

0.434255 0.475373
0.434255 0.475373

0.578407 0.488823
0.578407 0.488823

0.578407 0.488823
0.578407 0.488823

0.578407 0.488823
0.578407 0.488823

0.578407 0.488823
0.578407 0.488823

0.561346 0.411643
0.585661 0.417304

0.585661 0.417304
0.580884 0.418755

0.585661 0.417304
0.582016 0.413892

0.561346 0.411643
0.585661 0.417304

0.549754 0.450466
0.549754 0.450466

0.549754 0.450466
0.549754 0.450466

0.549754 0.450466
0.549754 0.450466

0.549754 0.450466
0.549754 0.450466

