0.000000 0.100000 0.000000
0.050000 0.050000 0.000000
0.100000 0.100000 0.000000
0.000000 0.100000 0.000000


0.100000 0.000000 0.000000
0.200000 0.000000 0.000000
0.100000 0.100000 0.000000
0.100000 0.000000 0.000000


0.000000 0.400000 0.000000
0.100000 0.400000 0.000000
0.000000 0.500000 0.000000
0.000000 0.400000 0.000000


0.000000 0.500000 0.000000
0.100000 0.500000 0.000000
0.000000 0.600000 0.000000
0.000000 0.500000 0.000000


0.000000 0.800000 0.000000
0.100000 0.800000 0.000000
0.000000 0.900000 0.000000
0.000000 0.800000 0.000000


0.200000 0.800000 0.000000
0.300000 0.800000 0.000000
0.200000 0.900000 0.000000
0.200000 0.800000 0.000000


0.500000 0.900000 0.000000
0.600000 1.000000 0.000000
0.500000 1.000000 0.000000
0.500000 0.900000 0.000000


0.300000 0.700000 0.000000
0.400000 0.700000 0.000000
0.300000 0.800000 0.000000
0.300000 0.700000 0.000000


0.100000 1.000000 0.000000
0.100000 0.900000 0.000000
0.200000 1.000000 0.000000
0.100000 1.000000 0.000000


0.000000 1.000000 0.000000
0.050000 0.950000 0.000000
0.100000 1.000000 0.000000
0.000000 1.000000 0.000000


0.000000 0.000000 0.000000
0.050000 0.050000 0.000000
0.000000 0.100000 0.000000
0.000000 0.000000 0.000000


0.400000 0.700000 0.000000
0.500000 0.700000 0.000000
0.400000 0.800000 0.000000
0.400000 0.700000 0.000000


0.100000 0.000000 0.000000
0.100000 0.100000 0.000000
0.050000 0.050000 0.000000
0.100000 0.000000 0.000000


0.400000 0.300000 0.000000
0.500000 0.300000 0.000000
0.400000 0.400000 0.000000
0.400000 0.300000 0.000000


0.200000 0.100000 0.000000
0.100000 0.100000 0.000000
0.200000 0.000000 0.000000
0.200000 0.100000 0.000000


0.500000 0.000000 0.000000
0.600000 0.000000 0.000000
0.500000 0.100000 0.000000
0.500000 0.000000 0.000000


0.100000 0.200000 0.000000
0.200000 0.200000 0.000000
0.100000 0.300000 0.000000
0.100000 0.200000 0.000000


0.300000 0.200000 0.000000
0.400000 0.200000 0.000000
0.300000 0.300000 0.000000
0.300000 0.200000 0.000000


0.100000 0.300000 0.000000
0.200000 0.300000 0.000000
0.100000 0.400000 0.000000
0.100000 0.300000 0.000000


0.400000 0.100000 0.000000
0.300000 0.100000 0.000000
0.400000 0.000000 0.000000
0.400000 0.100000 0.000000


0.200000 0.100000 0.000000
0.300000 0.100000 0.000000
0.200000 0.200000 0.000000
0.200000 0.100000 0.000000


0.300000 0.300000 0.000000
0.400000 0.300000 0.000000
0.300000 0.400000 0.000000
0.300000 0.300000 0.000000


0.200000 0.400000 0.000000
0.300000 0.400000 0.000000
0.200000 0.500000 0.000000
0.200000 0.400000 0.000000


0.500000 0.200000 0.000000
0.400000 0.200000 0.000000
0.500000 0.100000 0.000000
0.500000 0.200000 0.000000


0.600000 0.000000 0.000000
0.600000 0.100000 0.000000
0.500000 0.100000 0.000000
0.600000 0.000000 0.000000


0.700000 0.100000 0.000000
0.600000 0.100000 0.000000
0.700000 0.000000 0.000000
0.700000 0.100000 0.000000


0.466708 0.572744 0.000000
0.500000 0.700000 0.000000
0.400000 0.600000 0.000000
0.466708 0.572744 0.000000


0.700000 0.500000 0.000000
0.576814 0.477647 0.000000
0.600000 0.400000 0.000000
0.700000 0.500000 0.000000


0.800000 0.100000 0.000000
0.700000 0.100000 0.000000
0.800000 0.000000 0.000000
0.800000 0.100000 0.000000


0.900000 0.100000 0.000000
0.800000 0.100000 0.000000
0.900000 0.000000 0.000000
0.900000 0.100000 0.000000


0.700000 0.200000 0.000000
0.800000 0.200000 0.000000
0.700000 0.300000 0.000000
0.700000 0.200000 0.000000


0.900000 0.100000 0.000000
1.000000 0.100000 0.000000
0.900000 0.200000 0.000000
0.900000 0.100000 0.000000


0.700000 0.400000 0.000000
0.800000 0.400000 0.000000
0.700000 0.500000 0.000000
0.700000 0.400000 0.000000


1.100000 0.000000 0.000000
1.100000 0.100000 0.000000
1.000000 0.100000 0.000000
1.100000 0.000000 0.000000


0.800000 0.400000 0.000000
0.900000 0.400000 0.000000
0.800000 0.500000 0.000000
0.800000 0.400000 0.000000


1.000000 0.300000 0.000000
1.100000 0.300000 0.000000
1.000000 0.400000 0.000000
1.000000 0.300000 0.000000


0.900000 0.400000 0.000000
1.000000 0.400000 0.000000
0.900000 0.500000 0.000000
0.900000 0.400000 0.000000


1.100000 0.300000 0.000000
1.200000 0.300000 0.000000
1.100000 0.400000 0.000000
1.100000 0.300000 0.000000


1.200000 0.100000 0.000000
1.300000 0.100000 0.000000
1.200000 0.200000 0.000000
1.200000 0.100000 0.000000


1.300000 0.400000 0.000000
1.400000 0.400000 0.000000
1.300000 0.500000 0.000000
1.300000 0.400000 0.000000


1.300000 0.100000 0.000000
1.200000 0.100000 0.000000
1.300000 0.000000 0.000000
1.300000 0.100000 0.000000


1.700000 0.400000 0.000000
1.800000 0.400000 0.000000
1.700000 0.500000 0.000000
1.700000 0.400000 0.000000


1.200000 0.300000 0.000000
1.300000 0.300000 0.000000
1.200000 0.400000 0.000000
1.200000 0.300000 0.000000


1.700000 0.700000 0.000000
1.800000 0.700000 0.000000
1.700000 0.800000 0.000000
1.700000 0.700000 0.000000


1.400000 0.200000 0.000000
1.500000 0.200000 0.000000
1.400000 0.300000 0.000000
1.400000 0.200000 0.000000


2.000000 0.900000 0.000000
1.900000 0.900000 0.000000
1.900000 0.800000 0.000000
2.000000 0.900000 0.000000


1.700000 0.000000 0.000000
1.700000 0.100000 0.000000
1.600000 0.100000 0.000000
1.700000 0.000000 0.000000


1.700000 0.100000 0.000000
1.800000 0.000000 0.000000
1.800000 0.100000 0.000000
1.700000 0.100000 0.000000


2.000000 0.000000 0.000000
2.000000 0.100000 0.000000
1.950000 0.050000 0.000000
2.000000 0.000000 0.000000


2.000000 0.000000 0.000000
1.950000 0.050000 0.000000
1.900000 0.000000 0.000000
2.000000 0.000000 0.000000


1.600000 0.100000 0.000000
1.700000 0.100000 0.000000
1.600000 0.200000 0.000000
1.600000 0.100000 0.000000


1.500000 0.100000 0.000000
1.600000 0.100000 0.000000
1.500000 0.200000 0.000000
1.500000 0.100000 0.000000


1.300000 0.200000 0.000000
1.400000 0.200000 0.000000
1.300000 0.300000 0.000000
1.300000 0.200000 0.000000


1.600000 0.100000 0.000000
1.500000 0.100000 0.000000
1.600000 0.000000 0.000000
1.600000 0.100000 0.000000


1.900000 0.400000 0.000000
1.900000 0.300000 0.000000
2.000000 0.400000 0.000000
1.900000 0.400000 0.000000


1.900000 0.600000 0.000000
1.900000 0.500000 0.000000
2.000000 0.600000 0.000000
1.900000 0.600000 0.000000


1.900000 0.700000 0.000000
2.000000 0.800000 0.000000
1.900000 0.800000 0.000000
1.900000 0.700000 0.000000


2.000000 1.000000 0.000000
1.900000 1.000000 0.000000
1.950000 0.950000 0.000000
2.000000 1.000000 0.000000


2.000000 0.800000 0.000000
2.000000 0.900000 0.000000
1.900000 0.800000 0.000000
2.000000 0.800000 0.000000


2.000000 1.000000 0.000000
1.950000 0.950000 0.000000
2.000000 0.900000 0.000000
2.000000 1.000000 0.000000


0.000000 0.100000 0.000000
0.100000 0.100000 0.000000
0.000000 0.200000 0.000000
0.000000 0.100000 0.000000


0.000000 0.000000 0.000000
0.100000 0.000000 0.000000
0.050000 0.050000 0.000000
0.000000 0.000000 0.000000


0.050000 0.950000 0.000000
0.000000 1.000000 0.000000
0.000000 0.900000 0.000000
0.050000 0.950000 0.000000


0.000000 0.900000 0.000000
0.100000 0.900000 0.000000
0.050000 0.950000 0.000000
0.000000 0.900000 0.000000


1.900000 0.100000 0.000000
1.900000 0.000000 0.000000
1.950000 0.050000 0.000000
1.900000 0.100000 0.000000


1.800000 0.000000 0.000000
1.900000 0.000000 0.000000
1.800000 0.100000 0.000000
1.800000 0.000000 0.000000


0.000000 0.300000 0.000000
0.100000 0.300000 0.000000
0.000000 0.400000 0.000000
0.000000 0.300000 0.000000


0.000000 0.200000 0.000000
0.100000 0.200000 0.000000
0.000000 0.300000 0.000000
0.000000 0.200000 0.000000


0.100000 0.200000 0.000000
0.000000 0.200000 0.000000
0.100000 0.100000 0.000000
0.100000 0.200000 0.000000


0.100000 0.100000 0.000000
0.200000 0.100000 0.000000
0.100000 0.200000 0.000000
0.100000 0.100000 0.000000


0.000000 0.300000 0.000000
0.100000 0.200000 0.000000
0.100000 0.300000 0.000000
0.000000 0.300000 0.000000


0.100000 0.400000 0.000000
0.200000 0.400000 0.000000
0.100000 0.500000 0.000000
0.100000 0.400000 0.000000


0.000000 0.500000 0.000000
0.100000 0.400000 0.000000
0.100000 0.500000 0.000000
0.000000 0.500000 0.000000


0.000000 0.400000 0.000000
0.100000 0.300000 0.000000
0.100000 0.400000 0.000000
0.000000 0.400000 0.000000


0.600000 0.100000 0.000000
0.700000 0.100000 0.000000
0.600000 0.200000 0.000000
0.600000 0.100000 0.000000


0.000000 0.600000 0.000000
0.100000 0.600000 0.000000
0.000000 0.700000 0.000000
0.000000 0.600000 0.000000


0.000000 0.700000 0.000000
0.100000 0.700000 0.000000
0.000000 0.800000 0.000000
0.000000 0.700000 0.000000


0.000000 0.600000 0.000000
0.100000 0.500000 0.000000
0.100000 0.600000 0.000000
0.000000 0.600000 0.000000


0.000000 0.700000 0.000000
0.100000 0.600000 0.000000
0.100000 0.700000 0.000000
0.000000 0.700000 0.000000


1.100000 0.800000 0.000000
1.200000 0.700000 0.000000
1.200000 0.800000 0.000000
1.100000 0.800000 0.000000


0.000000 0.900000 0.000000
0.100000 0.800000 0.000000
0.100000 0.900000 0.000000
0.000000 0.900000 0.000000


0.000000 0.800000 0.000000
0.100000 0.700000 0.000000
0.100000 0.800000 0.000000
0.000000 0.800000 0.000000


0.200000 1.000000 0.000000
0.200000 0.900000 0.000000
0.300000 1.000000 0.000000
0.200000 1.000000 0.000000


0.100000 1.000000 0.000000
0.050000 0.950000 0.000000
0.100000 0.900000 0.000000
0.100000 1.000000 0.000000


0.200000 0.000000 0.000000
0.300000 0.000000 0.000000
0.200000 0.100000 0.000000
0.200000 0.000000 0.000000


0.300000 0.100000 0.000000
0.200000 0.100000 0.000000
0.300000 0.000000 0.000000
0.300000 0.100000 0.000000


0.200000 0.200000 0.000000
0.100000 0.200000 0.000000
0.200000 0.100000 0.000000
0.200000 0.200000 0.000000


0.300000 0.100000 0.000000
0.400000 0.100000 0.000000
0.300000 0.200000 0.000000
0.300000 0.100000 0.000000


0.100000 0.500000 0.000000
0.200000 0.500000 0.000000
0.100000 0.600000 0.000000
0.100000 0.500000 0.000000


0.100000 0.300000 0.000000
0.200000 0.200000 0.000000
0.200000 0.300000 0.000000
0.100000 0.300000 0.000000


0.100000 0.500000 0.000000
0.200000 0.400000 0.000000
0.200000 0.500000 0.000000
0.100000 0.500000 0.000000


0.100000 0.400000 0.000000
0.200000 0.300000 0.000000
0.200000 0.400000 0.000000
0.100000 0.400000 0.000000


0.600000 0.300000 0.000000
0.600000 0.400000 0.000000
0.500000 0.300000 0.000000
0.600000 0.300000 0.000000


0.100000 0.600000 0.000000
0.200000 0.600000 0.000000
0.100000 0.700000 0.000000
0.100000 0.600000 0.000000


0.100000 0.700000 0.000000
0.200000 0.700000 0.000000
0.100000 0.800000 0.000000
0.100000 0.700000 0.000000


0.100000 0.600000 0.000000
0.200000 0.500000 0.000000
0.200000 0.600000 0.000000
0.100000 0.600000 0.000000


0.100000 0.800000 0.000000
0.200000 0.700000 0.000000
0.200000 0.800000 0.000000
0.100000 0.800000 0.000000


0.100000 0.700000 0.000000
0.200000 0.600000 0.000000
0.200000 0.700000 0.000000
0.100000 0.700000 0.000000


0.500000 0.900000 0.000000
0.600000 0.900000 0.000000
0.600000 1.000000 0.000000
0.500000 0.900000 0.000000


0.100000 0.800000 0.000000
0.200000 0.800000 0.000000
0.100000 0.900000 0.000000
0.100000 0.800000 0.000000


0.200000 0.900000 0.000000
0.200000 1.000000 0.000000
0.100000 0.900000 0.000000
0.200000 0.900000 0.000000


0.100000 0.900000 0.000000
0.200000 0.800000 0.000000
0.200000 0.900000 0.000000
0.100000 0.900000 0.000000


0.300000 0.000000 0.000000
0.400000 0.000000 0.000000
0.300000 0.100000 0.000000
0.300000 0.000000 0.000000


0.200000 0.200000 0.000000
0.300000 0.200000 0.000000
0.200000 0.300000 0.000000
0.200000 0.200000 0.000000


0.200000 0.300000 0.000000
0.300000 0.300000 0.000000
0.200000 0.400000 0.000000
0.200000 0.300000 0.000000


0.200000 0.200000 0.000000
0.300000 0.100000 0.000000
0.300000 0.200000 0.000000
0.200000 0.200000 0.000000


0.200000 0.500000 0.000000
0.300000 0.500000 0.000000
0.200000 0.600000 0.000000
0.200000 0.500000 0.000000


0.200000 0.300000 0.000000
0.300000 0.200000 0.000000
0.300000 0.300000 0.000000
0.200000 0.300000 0.000000


0.200000 0.500000 0.000000
0.300000 0.400000 0.000000
0.300000 0.500000 0.000000
0.200000 0.500000 0.000000


0.200000 0.400000 0.000000
0.300000 0.300000 0.000000
0.300000 0.400000 0.000000
0.200000 0.400000 0.000000


0.800000 0.200000 0.000000
0.900000 0.200000 0.000000
0.800000 0.300000 0.000000
0.800000 0.200000 0.000000


0.200000 0.600000 0.000000
0.300000 0.600000 0.000000
0.200000 0.700000 0.000000
0.200000 0.600000 0.000000


0.200000 0.700000 0.000000
0.300000 0.700000 0.000000
0.200000 0.800000 0.000000
0.200000 0.700000 0.000000


0.200000 0.600000 0.000000
0.300000 0.500000 0.000000
0.300000 0.600000 0.000000
0.200000 0.600000 0.000000


0.200000 0.700000 0.000000
0.300000 0.600000 0.000000
0.300000 0.700000 0.000000
0.200000 0.700000 0.000000


0.800000 0.800000 0.000000
0.900000 0.700000 0.000000
0.900000 0.800000 0.000000
0.800000 0.800000 0.000000


0.300000 0.900000 0.000000
0.300000 1.000000 0.000000
0.200000 0.900000 0.000000
0.300000 0.900000 0.000000


0.200000 0.800000 0.000000
0.300000 0.700000 0.000000
0.300000 0.800000 0.000000
0.200000 0.800000 0.000000


0.200000 0.900000 0.000000
0.300000 0.800000 0.000000
0.300000 0.900000 0.000000
0.200000 0.900000 0.000000


0.300000 0.900000 0.000000
0.400000 1.000000 0.000000
0.300000 1.000000 0.000000
0.300000 0.900000 0.000000


0.400000 0.000000 0.000000
0.500000 0.000000 0.000000
0.400000 0.100000 0.000000
0.400000 0.000000 0.000000


0.400000 0.100000 0.000000
0.500000 0.100000 0.000000
0.400000 0.200000 0.000000
0.400000 0.100000 0.000000


0.300000 0.400000 0.000000
0.400000 0.400000 0.000000
0.300000 0.500000 0.000000
0.300000 0.400000 0.000000


0.300000 0.200000 0.000000
0.400000 0.100000 0.000000
0.400000 0.200000 0.000000
0.300000 0.200000 0.000000


0.300000 0.600000 0.000000
0.300000 0.500000 0.000000
0.400000 0.600000 0.000000
0.300000 0.600000 0.000000


0.300000 0.300000 0.000000
0.400000 0.200000 0.000000
0.400000 0.300000 0.000000
0.300000 0.300000 0.000000


0.300000 0.600000 0.000000
0.400000 0.600000 0.000000
0.300000 0.700000 0.000000
0.300000 0.600000 0.000000


0.300000 0.400000 0.000000
0.400000 0.300000 0.000000
0.400000 0.400000 0.000000
0.300000 0.400000 0.000000


0.400000 0.600000 0.000000
0.420801 0.511290 0.000000
0.466708 0.572744 0.000000
0.400000 0.600000 0.000000


0.900000 0.800000 0.000000
1.000000 0.800000 0.000000
0.900000 0.900000 0.000000
0.900000 0.800000 0.000000


0.300000 0.800000 0.000000
0.400000 0.800000 0.000000
0.300000 0.900000 0.000000
0.300000 0.800000 0.000000


0.300000 0.700000 0.000000
0.400000 0.600000 0.000000
0.400000 0.700000 0.000000
0.300000 0.700000 0.000000


0.300000 0.900000 0.000000
0.400000 0.800000 0.000000
0.400000 0.900000 0.000000
0.300000 0.900000 0.000000


0.300000 0.800000 0.000000
0.400000 0.700000 0.000000
0.400000 0.800000 0.000000
0.300000 0.800000 0.000000


0.400000 0.900000 0.000000
0.500000 1.000000 0.000000
0.400000 1.000000 0.000000
0.400000 0.900000 0.000000


0.400000 1.000000 0.000000
0.300000 0.900000 0.000000
0.400000 0.900000 0.000000
0.400000 1.000000 0.000000


0.400000 0.200000 0.000000
0.500000 0.200000 0.000000
0.400000 0.300000 0.000000
0.400000 0.200000 0.000000


0.500000 0.100000 0.000000
0.400000 0.100000 0.000000
0.500000 0.000000 0.000000
0.500000 0.100000 0.000000


0.500000 0.100000 0.000000
0.600000 0.100000 0.000000
0.500000 0.200000 0.000000
0.500000 0.100000 0.000000


0.500000 0.200000 0.000000
0.600000 0.200000 0.000000
0.500000 0.300000 0.000000
0.500000 0.200000 0.000000


0.400000 0.700000 0.000000
0.400000 0.600000 0.000000
0.500000 0.700000 0.000000
0.400000 0.700000 0.000000


0.400000 0.300000 0.000000
0.500000 0.200000 0.000000
0.500000 0.300000 0.000000
0.400000 0.300000 0.000000


0.500000 0.700000 0.000000
0.543224 0.567318 0.000000
0.600000 0.600000 0.000000
0.500000 0.700000 0.000000


0.800000 0.600000 0.000000
0.900000 0.600000 0.000000
0.800000 0.700000 0.000000
0.800000 0.600000 0.000000


0.400000 0.800000 0.000000
0.500000 0.800000 0.000000
0.400000 0.900000 0.000000
0.400000 0.800000 0.000000


0.400000 0.800000 0.000000
0.500000 0.700000 0.000000
0.500000 0.800000 0.000000
0.400000 0.800000 0.000000


0.400000 0.900000 0.000000
0.500000 0.900000 0.000000
0.500000 1.000000 0.000000
0.400000 0.900000 0.000000


0.400000 0.900000 0.000000
0.500000 0.800000 0.000000
0.500000 0.900000 0.000000
0.400000 0.900000 0.000000


0.600000 0.000000 0.000000
0.700000 0.000000 0.000000
0.600000 0.100000 0.000000
0.600000 0.000000 0.000000


0.500000 0.300000 0.000000
0.447709 0.439456 0.000000
0.400000 0.400000 0.000000
0.500000 0.300000 0.000000


0.600000 0.200000 0.000000
0.500000 0.200000 0.000000
0.600000 0.100000 0.000000
0.600000 0.200000 0.000000


0.700000 0.100000 0.000000
0.800000 0.100000 0.000000
0.700000 0.200000 0.000000
0.700000 0.100000 0.000000


0.500000 0.300000 0.000000
0.600000 0.200000 0.000000
0.600000 0.300000 0.000000
0.500000 0.300000 0.000000


0.700000 0.500000 0.000000
0.800000 0.500000 0.000000
0.700000 0.600000 0.000000
0.700000 0.500000 0.000000


0.900000 0.200000 0.000000
1.000000 0.200000 0.000000
0.900000 0.300000 0.000000
0.900000 0.200000 0.000000


0.600000 0.600000 0.000000
0.580000 0.500000 0.000000
0.700000 0.500000 0.000000
0.600000 0.600000 0.000000


1.100000 0.100000 0.000000
1.200000 0.100000 0.000000
1.100000 0.200000 0.000000
1.100000 0.100000 0.000000


0.500000 0.700000 0.000000
0.600000 0.700000 0.000000
0.500000 0.800000 0.000000
0.500000 0.700000 0.000000


0.500000 0.800000 0.000000
0.600000 0.800000 0.000000
0.500000 0.900000 0.000000
0.500000 0.800000 0.000000


0.500000 0.700000 0.000000
0.600000 0.600000 0.000000
0.600000 0.700000 0.000000
0.500000 0.700000 0.000000


0.500000 0.800000 0.000000
0.600000 0.700000 0.000000
0.600000 0.800000 0.000000
0.500000 0.800000 0.000000


0.500000 0.900000 0.000000
0.600000 0.800000 0.000000
0.600000 0.900000 0.000000
0.500000 0.900000 0.000000


0.800000 0.900000 0.000000
0.800000 1.000000 0.000000
0.700000 0.900000 0.000000
0.800000 0.900000 0.000000


0.600000 1.000000 0.000000
0.600000 0.900000 0.000000
0.700000 1.000000 0.000000
0.600000 1.000000 0.000000


0.700000 0.000000 0.000000
0.800000 0.000000 0.000000
0.700000 0.100000 0.000000
0.700000 0.000000 0.000000


0.600000 0.200000 0.000000
0.700000 0.200000 0.000000
0.600000 0.300000 0.000000
0.600000 0.200000 0.000000


0.600000 0.300000 0.000000
0.700000 0.300000 0.000000
0.600000 0.400000 0.000000
0.600000 0.300000 0.000000


0.600000 0.200000 0.000000
0.700000 0.100000 0.000000
0.700000 0.200000 0.000000
0.600000 0.200000 0.000000


0.600000 0.600000 0.000000
0.700000 0.600000 0.000000
0.600000 0.700000 0.000000
0.600000 0.600000 0.000000


0.600000 0.300000 0.000000
0.700000 0.200000 0.000000
0.700000 0.300000 0.000000
0.600000 0.300000 0.000000


0.600000 0.400000 0.000000
0.700000 0.300000 0.000000
0.700000 0.400000 0.000000
0.600000 0.400000 0.000000


1.000000 0.100000 0.000000
1.100000 0.100000 0.000000
1.000000 0.200000 0.000000
1.000000 0.100000 0.000000


0.700000 0.600000 0.000000
0.600000 0.600000 0.000000
0.700000 0.500000 0.000000
0.700000 0.600000 0.000000


0.600000 0.400000 0.000000
0.700000 0.400000 0.000000
0.700000 0.500000 0.000000
0.600000 0.400000 0.000000


1.200000 0.600000 0.000000
1.300000 0.500000 0.000000
1.300000 0.600000 0.000000
1.200000 0.600000 0.000000


0.600000 0.700000 0.000000
0.700000 0.700000 0.000000
0.600000 0.800000 0.000000
0.600000 0.700000 0.000000


0.600000 0.800000 0.000000
0.700000 0.800000 0.000000
0.600000 0.900000 0.000000
0.600000 0.800000 0.000000


0.600000 0.700000 0.000000
0.700000 0.600000 0.000000
0.700000 0.700000 0.000000
0.600000 0.700000 0.000000


0.700000 0.900000 0.000000
0.700000 1.000000 0.000000
0.600000 0.900000 0.000000
0.700000 0.900000 0.000000


0.600000 0.800000 0.000000
0.700000 0.700000 0.000000
0.700000 0.800000 0.000000
0.600000 0.800000 0.000000


0.600000 0.900000 0.000000
0.700000 0.800000 0.000000
0.700000 0.900000 0.000000
0.600000 0.900000 0.000000


0.700000 1.000000 0.000000
0.700000 0.900000 0.000000
0.800000 1.000000 0.000000
0.700000 1.000000 0.000000


0.800000 0.000000 0.000000
0.900000 0.000000 0.000000
0.800000 0.100000 0.000000
0.800000 0.000000 0.000000


0.800000 0.100000 0.000000
0.900000 0.100000 0.000000
0.800000 0.200000 0.000000
0.800000 0.100000 0.000000


0.700000 0.300000 0.000000
0.800000 0.300000 0.000000
0.700000 0.400000 0.000000
0.700000 0.300000 0.000000


0.700000 0.200000 0.000000
0.800000 0.100000 0.000000
0.800000 0.200000 0.000000
0.700000 0.200000 0.000000


0.700000 0.300000 0.000000
0.800000 0.200000 0.000000
0.800000 0.300000 0.000000
0.700000 0.300000 0.000000


0.800000 0.500000 0.000000
0.900000 0.500000 0.000000
0.800000 0.600000 0.000000
0.800000 0.500000 0.000000


0.700000 0.600000 0.000000
0.800000 0.600000 0.000000
0.700000 0.700000 0.000000
0.700000 0.600000 0.000000


0.700000 0.400000 0.000000
0.800000 0.300000 0.000000
0.800000 0.400000 0.000000
0.700000 0.400000 0.000000


0.700000 0.500000 0.000000
0.800000 0.400000 0.000000
0.800000 0.500000 0.000000
0.700000 0.500000 0.000000


1.100000 0.400000 0.000000
1.200000 0.400000 0.000000
1.100000 0.500000 0.000000
1.100000 0.400000 0.000000


0.700000 0.700000 0.000000
0.800000 0.700000 0.000000
0.700000 0.800000 0.000000
0.700000 0.700000 0.000000


0.700000 0.600000 0.000000
0.800000 0.500000 0.000000
0.800000 0.600000 0.000000
0.700000 0.600000 0.000000


0.700000 0.800000 0.000000
0.800000 0.800000 0.000000
0.700000 0.900000 0.000000
0.700000 0.800000 0.000000


0.700000 0.700000 0.000000
0.800000 0.600000 0.000000
0.800000 0.700000 0.000000
0.700000 0.700000 0.000000


0.700000 0.800000 0.000000
0.800000 0.700000 0.000000
0.800000 0.800000 0.000000
0.700000 0.800000 0.000000


0.700000 0.900000 0.000000
0.800000 0.800000 0.000000
0.800000 0.900000 0.000000
0.700000 0.900000 0.000000


0.800000 0.900000 0.000000
0.900000 0.900000 0.000000
0.900000 1.000000 0.000000
0.800000 0.900000 0.000000


0.900000 1.000000 0.000000
0.800000 1.000000 0.000000
0.800000 0.900000 0.000000
0.900000 1.000000 0.000000


0.900000 0.100000 0.000000
0.900000 0.000000 0.000000
1.000000 0.000000 0.000000
0.900000 0.100000 0.000000


1.000000 0.000000 0.000000
1.000000 0.100000 0.000000
0.900000 0.100000 0.000000
1.000000 0.000000 0.000000


0.800000 0.300000 0.000000
0.900000 0.300000 0.000000
0.800000 0.400000 0.000000
0.800000 0.300000 0.000000


0.900000 0.200000 0.000000
0.800000 0.200000 0.000000
0.900000 0.100000 0.000000
0.900000 0.200000 0.000000


0.900000 0.300000 0.000000
0.800000 0.300000 0.000000
0.900000 0.200000 0.000000
0.900000 0.300000 0.000000


0.900000 0.500000 0.000000
1.000000 0.500000 0.000000
0.900000 0.600000 0.000000
0.900000 0.500000 0.000000


0.800000 0.400000 0.000000
0.900000 0.300000 0.000000
0.900000 0.400000 0.000000
0.800000 0.400000 0.000000


0.900000 0.500000 0.000000
1.000000 0.400000 0.000000
1.000000 0.500000 0.000000
0.900000 0.500000 0.000000


0.800000 0.500000 0.000000
0.900000 0.400000 0.000000
0.900000 0.500000 0.000000
0.800000 0.500000 0.000000


1.900000 0.200000 0.000000
1.900000 0.100000 0.000000
2.000000 0.200000 0.000000
1.900000 0.200000 0.000000


0.800000 0.700000 0.000000
0.900000 0.700000 0.000000
0.800000 0.800000 0.000000
0.800000 0.700000 0.000000


0.800000 0.600000 0.000000
0.900000 0.500000 0.000000
0.900000 0.600000 0.000000
0.800000 0.600000 0.000000


0.800000 0.800000 0.000000
0.900000 0.800000 0.000000
0.800000 0.900000 0.000000
0.800000 0.800000 0.000000


0.800000 0.700000 0.000000
0.900000 0.600000 0.000000
0.900000 0.700000 0.000000
0.800000 0.700000 0.000000


1.700000 0.900000 0.000000
1.700000 1.000000 0.000000
1.600000 0.900000 0.000000
1.700000 0.900000 0.000000


0.800000 0.900000 0.000000
0.900000 0.800000 0.000000
0.900000 0.900000 0.000000
0.800000 0.900000 0.000000


1.100000 1.000000 0.000000
1.100000 0.900000 0.000000
1.200000 1.000000 0.000000
1.100000 1.000000 0.000000


0.900000 1.000000 0.000000
0.900000 0.900000 0.000000
1.000000 1.000000 0.000000
0.900000 1.000000 0.000000


1.000000 0.100000 0.000000
1.000000 0.000000 0.000000
1.100000 0.000000 0.000000
1.000000 0.100000 0.000000


1.000000 0.200000 0.000000
0.900000 0.200000 0.000000
1.000000 0.100000 0.000000
1.000000 0.200000 0.000000


1.000000 0.200000 0.000000
1.100000 0.200000 0.000000
1.000000 0.300000 0.000000
1.000000 0.200000 0.000000


0.900000 0.300000 0.000000
1.000000 0.300000 0.000000
0.900000 0.400000 0.000000
0.900000 0.300000 0.000000


0.900000 0.300000 0.000000
1.000000 0.200000 0.000000
1.000000 0.300000 0.000000
0.900000 0.300000 0.000000


1.000000 0.500000 0.000000
1.100000 0.500000 0.000000
1.000000 0.600000 0.000000
1.000000 0.500000 0.000000


0.900000 0.400000 0.000000
1.000000 0.300000 0.000000
1.000000 0.400000 0.000000
0.900000 0.400000 0.000000


1.500000 0.100000 0.000000
1.400000 0.100000 0.000000
1.500000 0.000000 0.000000
1.500000 0.100000 0.000000


1.800000 0.100000 0.000000
1.900000 0.100000 0.000000
1.800000 0.200000 0.000000
1.800000 0.100000 0.000000


0.900000 0.600000 0.000000
1.000000 0.600000 0.000000
0.900000 0.700000 0.000000
0.900000 0.600000 0.000000


0.900000 0.700000 0.000000
1.000000 0.700000 0.000000
0.900000 0.800000 0.000000
0.900000 0.700000 0.000000


0.900000 0.600000 0.000000
1.000000 0.500000 0.000000
1.000000 0.600000 0.000000
0.900000 0.600000 0.000000


0.900000 0.700000 0.000000
1.000000 0.600000 0.000000
1.000000 0.700000 0.000000
0.900000 0.700000 0.000000


1.400000 0.800000 0.000000
1.500000 0.800000 0.000000
1.400000 0.900000 0.000000
1.400000 0.800000 0.000000


1.000000 0.900000 0.000000
1.000000 1.000000 0.000000
0.900000 0.900000 0.000000
1.000000 0.900000 0.000000


0.900000 0.800000 0.000000
1.000000 0.700000 0.000000
1.000000 0.800000 0.000000
0.900000 0.800000 0.000000


0.900000 0.900000 0.000000
1.000000 0.800000 0.000000
1.000000 0.900000 0.000000
0.900000 0.900000 0.000000


1.000000 0.900000 0.000000
1.100000 1.000000 0.000000
1.000000 1.000000 0.000000
1.000000 0.900000 0.000000


1.100000 0.000000 0.000000
1.200000 0.000000 0.000000
1.100000 0.100000 0.000000
1.100000 0.000000 0.000000


1.200000 0.100000 0.000000
1.100000 0.100000 0.000000
1.200000 0.000000 0.000000
1.200000 0.100000 0.000000


1.000000 0.400000 0.000000
1.100000 0.400000 0.000000
1.000000 0.500000 0.000000
1.000000 0.400000 0.000000


1.000000 0.200000 0.000000
1.100000 0.100000 0.000000
1.100000 0.200000 0.000000
1.000000 0.200000 0.000000


1.000000 0.300000 0.000000
1.100000 0.200000 0.000000
1.100000 0.300000 0.000000
1.000000 0.300000 0.000000


1.400000 0.100000 0.000000
1.500000 0.100000 0.000000
1.400000 0.200000 0.000000
1.400000 0.100000 0.000000


1.000000 0.600000 0.000000
1.100000 0.600000 0.000000
1.000000 0.700000 0.000000
1.000000 0.600000 0.000000


1.000000 0.400000 0.000000
1.100000 0.300000 0.000000
1.100000 0.400000 0.000000
1.000000 0.400000 0.000000


1.000000 0.700000 0.000000
1.100000 0.700000 0.000000
1.000000 0.800000 0.000000
1.000000 0.700000 0.000000


1.000000 0.500000 0.000000
1.100000 0.400000 0.000000
1.100000 0.500000 0.000000
1.000000 0.500000 0.000000


1.000000 0.600000 0.000000
1.100000 0.500000 0.000000
1.100000 0.600000 0.000000
1.000000 0.600000 0.000000


1.300000 0.600000 0.000000
1.400000 0.600000 0.000000
1.300000 0.700000 0.000000
1.300000 0.600000 0.000000


1.000000 0.800000 0.000000
1.100000 0.700000 0.000000
1.100000 0.800000 0.000000
1.000000 0.800000 0.000000


1.000000 0.700000 0.000000
1.100000 0.600000 0.000000
1.100000 0.700000 0.000000
1.000000 0.700000 0.000000


1.200000 0.900000 0.000000
1.200000 1.000000 0.000000
1.100000 0.900000 0.000000
1.200000 0.900000 0.000000


1.000000 0.800000 0.000000
1.100000 0.800000 0.000000
1.000000 0.900000 0.000000
1.000000 0.800000 0.000000


1.000000 0.900000 0.000000
1.100000 0.900000 0.000000
1.100000 1.000000 0.000000
1.000000 0.900000 0.000000


1.000000 0.900000 0.000000
1.100000 0.800000 0.000000
1.100000 0.900000 0.000000
1.000000 0.900000 0.000000


1.100000 0.200000 0.000000
1.200000 0.200000 0.000000
1.100000 0.300000 0.000000
1.100000 0.200000 0.000000


1.200000 0.000000 0.000000
1.300000 0.000000 0.000000
1.200000 0.100000 0.000000
1.200000 0.000000 0.000000


1.200000 0.200000 0.000000
1.100000 0.200000 0.000000
1.200000 0.100000 0.000000
1.200000 0.200000 0.000000


1.200000 0.200000 0.000000
1.300000 0.200000 0.000000
1.200000 0.300000 0.000000
1.200000 0.200000 0.000000


1.100000 0.500000 0.000000
1.200000 0.500000 0.000000
1.100000 0.600000 0.000000
1.100000 0.500000 0.000000


1.100000 0.300000 0.000000
1.200000 0.200000 0.000000
1.200000 0.300000 0.000000
1.100000 0.300000 0.000000


1.100000 0.500000 0.000000
1.200000 0.400000 0.000000
1.200000 0.500000 0.000000
1.100000 0.500000 0.000000


1.100000 0.400000 0.000000
1.200000 0.300000 0.000000
1.200000 0.400000 0.000000
1.100000 0.400000 0.000000


1.700000 0.300000 0.000000
1.800000 0.300000 0.000000
1.700000 0.400000 0.000000
1.700000 0.300000 0.000000


1.100000 0.600000 0.000000
1.200000 0.600000 0.000000
1.100000 0.700000 0.000000
1.100000 0.600000 0.000000


1.100000 0.700000 0.000000
1.200000 0.700000 0.000000
1.100000 0.800000 0.000000
1.100000 0.700000 0.000000


1.100000 0.600000 0.000000
1.200000 0.500000 0.000000
1.200000 0.600000 0.000000
1.100000 0.600000 0.000000


1.100000 0.700000 0.000000
1.200000 0.600000 0.000000
1.200000 0.700000 0.000000
1.100000 0.700000 0.000000


1.500000 0.800000 0.000000
1.600000 0.800000 0.000000
1.500000 0.900000 0.000000
1.500000 0.800000 0.000000


1.300000 0.900000 0.000000
1.300000 1.000000 0.000000
1.200000 0.900000 0.000000
1.300000 0.900000 0.000000


1.200000 0.800000 0.000000
1.100000 0.900000 0.000000
1.100000 0.800000 0.000000
1.200000 0.800000 0.000000


1.100000 0.900000 0.000000
1.200000 0.800000 0.000000
1.200000 0.900000 0.000000
1.100000 0.900000 0.000000


1.200000 1.000000 0.000000
1.200000 0.900000 0.000000
1.300000 1.000000 0.000000
1.200000 1.000000 0.000000


1.300000 0.100000 0.000000
1.300000 0.000000 0.000000
1.400000 0.000000 0.000000
1.300000 0.100000 0.000000


1.400000 0.000000 0.000000
1.400000 0.100000 0.000000
1.300000 0.100000 0.000000
1.400000 0.000000 0.000000


1.200000 0.400000 0.000000
1.300000 0.400000 0.000000
1.200000 0.500000 0.000000
1.200000 0.400000 0.000000


1.300000 0.200000 0.000000
1.200000 0.200000 0.000000
1.300000 0.100000 0.000000
1.300000 0.200000 0.000000


1.200000 0.500000 0.000000
1.300000 0.500000 0.000000
1.200000 0.600000 0.000000
1.200000 0.500000 0.000000


1.200000 0.300000 0.000000
1.300000 0.200000 0.000000
1.300000 0.300000 0.000000
1.200000 0.300000 0.000000


1.200000 0.600000 0.000000
1.300000 0.600000 0.000000
1.200000 0.700000 0.000000
1.200000 0.600000 0.000000


1.200000 0.400000 0.000000
1.300000 0.300000 0.000000
1.300000 0.400000 0.000000
1.200000 0.400000 0.000000


1.200000 0.500000 0.000000
1.300000 0.400000 0.000000
1.300000 0.500000 0.000000
1.200000 0.500000 0.000000


2.000000 0.400000 0.000000
2.000000 0.500000 0.000000
1.900000 0.400000 0.000000
2.000000 0.400000 0.000000


1.400000 0.700000 0.000000
1.500000 0.700000 0.000000
1.400000 0.800000 0.000000
1.400000 0.700000 0.000000


1.200000 0.700000 0.000000
1.300000 0.700000 0.000000
1.200000 0.800000 0.000000
1.200000 0.700000 0.000000


1.200000 0.800000 0.000000
1.300000 0.700000 0.000000
1.300000 0.800000 0.000000
1.200000 0.800000 0.000000


1.200000 0.700000 0.000000
1.300000 0.600000 0.000000
1.300000 0.700000 0.000000
1.200000 0.700000 0.000000


1.400000 0.900000 0.000000
1.400000 1.000000 0.000000
1.300000 0.900000 0.000000
1.400000 0.900000 0.000000


1.200000 0.800000 0.000000
1.300000 0.800000 0.000000
1.200000 0.900000 0.000000
1.200000 0.800000 0.000000


1.200000 0.900000 0.000000
1.300000 0.800000 0.000000
1.300000 0.900000 0.000000
1.200000 0.900000 0.000000


1.300000 1.000000 0.000000
1.300000 0.900000 0.000000
1.400000 1.000000 0.000000
1.300000 1.000000 0.000000


1.300000 0.100000 0.000000
1.400000 0.100000 0.000000
1.300000 0.200000 0.000000
1.300000 0.100000 0.000000


1.400000 0.000000 0.000000
1.500000 0.000000 0.000000
1.400000 0.100000 0.000000
1.400000 0.000000 0.000000


1.300000 0.300000 0.000000
1.400000 0.300000 0.000000
1.300000 0.400000 0.000000
1.300000 0.300000 0.000000


1.300000 0.200000 0.000000
1.400000 0.100000 0.000000
1.400000 0.200000 0.000000
1.300000 0.200000 0.000000


1.300000 0.500000 0.000000
1.400000 0.500000 0.000000
1.300000 0.600000 0.000000
1.300000 0.500000 0.000000


1.300000 0.300000 0.000000
1.400000 0.200000 0.000000
1.400000 0.300000 0.000000
1.300000 0.300000 0.000000


1.300000 0.400000 0.000000
1.400000 0.300000 0.000000
1.400000 0.400000 0.000000
1.300000 0.400000 0.000000


1.900000 0.300000 0.000000
1.900000 0.200000 0.000000
2.000000 0.300000 0.000000
1.900000 0.300000 0.000000


1.300000 0.600000 0.000000
1.400000 0.500000 0.000000
1.400000 0.600000 0.000000
1.300000 0.600000 0.000000


1.300000 0.500000 0.000000
1.400000 0.400000 0.000000
1.400000 0.500000 0.000000
1.300000 0.500000 0.000000


2.000000 0.500000 0.000000
2.000000 0.600000 0.000000
1.900000 0.500000 0.000000
2.000000 0.500000 0.000000


1.300000 0.700000 0.000000
1.400000 0.700000 0.000000
1.300000 0.800000 0.000000
1.300000 0.700000 0.000000


1.300000 0.800000 0.000000
1.400000 0.700000 0.000000
1.400000 0.800000 0.000000
1.300000 0.800000 0.000000


1.300000 0.700000 0.000000
1.400000 0.600000 0.000000
1.400000 0.700000 0.000000
1.300000 0.700000 0.000000


1.400000 0.900000 0.000000
1.500000 0.800000 0.000000
1.500000 0.900000 0.000000
1.400000 0.900000 0.000000


1.400000 0.800000 0.000000
1.300000 0.900000 0.000000
1.300000 0.800000 0.000000
1.400000 0.800000 0.000000


1.300000 0.900000 0.000000
1.400000 0.800000 0.000000
1.400000 0.900000 0.000000
1.300000 0.900000 0.000000


1.400000 1.000000 0.000000
1.400000 0.900000 0.000000
1.500000 1.000000 0.000000
1.400000 1.000000 0.000000


1.500000 0.000000 0.000000
1.600000 0.000000 0.000000
1.500000 0.100000 0.000000
1.500000 0.000000 0.000000


1.400000 0.300000 0.000000
1.500000 0.300000 0.000000
1.400000 0.400000 0.000000
1.400000 0.300000 0.000000


1.500000 0.200000 0.000000
1.400000 0.200000 0.000000
1.500000 0.100000 0.000000
1.500000 0.200000 0.000000


1.500000 0.200000 0.000000
1.600000 0.200000 0.000000
1.500000 0.300000 0.000000
1.500000 0.200000 0.000000


1.400000 0.400000 0.000000
1.500000 0.400000 0.000000
1.400000 0.500000 0.000000
1.400000 0.400000 0.000000


1.400000 0.300000 0.000000
1.500000 0.200000 0.000000
1.500000 0.300000 0.000000
1.400000 0.300000 0.000000


1.400000 0.500000 0.000000
1.500000 0.500000 0.000000
1.400000 0.600000 0.000000
1.400000 0.500000 0.000000


1.400000 0.400000 0.000000
1.500000 0.300000 0.000000
1.500000 0.400000 0.000000
1.400000 0.400000 0.000000


1.400000 0.600000 0.000000
1.500000 0.600000 0.000000
1.400000 0.700000 0.000000
1.400000 0.600000 0.000000


1.400000 0.500000 0.000000
1.500000 0.400000 0.000000
1.500000 0.500000 0.000000
1.400000 0.500000 0.000000


1.400000 0.600000 0.000000
1.500000 0.500000 0.000000
1.500000 0.600000 0.000000
1.400000 0.600000 0.000000


1.700000 0.600000 0.000000
1.800000 0.600000 0.000000
1.700000 0.700000 0.000000
1.700000 0.600000 0.000000


1.400000 0.700000 0.000000
1.500000 0.600000 0.000000
1.500000 0.700000 0.000000
1.400000 0.700000 0.000000


1.900000 0.600000 0.000000
2.000000 0.700000 0.000000
1.900000 0.700000 0.000000
1.900000 0.600000 0.000000


1.700000 0.900000 0.000000
1.800000 0.900000 0.000000
1.800000 1.000000 0.000000
1.700000 0.900000 0.000000


1.400000 0.800000 0.000000
1.500000 0.700000 0.000000
1.500000 0.800000 0.000000
1.400000 0.800000 0.000000


1.500000 1.000000 0.000000
1.500000 0.900000 0.000000
1.600000 1.000000 0.000000
1.500000 1.000000 0.000000


1.500000 1.000000 0.000000
1.400000 0.900000 0.000000
1.500000 0.900000 0.000000
1.500000 1.000000 0.000000


1.600000 0.100000 0.000000
1.600000 0.000000 0.000000
1.700000 0.000000 0.000000
1.600000 0.100000 0.000000


1.700000 0.100000 0.000000
1.800000 0.100000 0.000000
1.700000 0.200000 0.000000
1.700000 0.100000 0.000000


1.500000 0.300000 0.000000
1.600000 0.300000 0.000000
1.500000 0.400000 0.000000
1.500000 0.300000 0.000000


1.500000 0.200000 0.000000
1.600000 0.100000 0.000000
1.600000 0.200000 0.000000
1.500000 0.200000 0.000000


1.500000 0.400000 0.000000
1.600000 0.400000 0.000000
1.500000 0.500000 0.000000
1.500000 0.400000 0.000000


1.500000 0.300000 0.000000
1.600000 0.200000 0.000000
1.600000 0.300000 0.000000
1.500000 0.300000 0.000000


1.500000 0.500000 0.000000
1.600000 0.500000 0.000000
1.500000 0.600000 0.000000
1.500000 0.500000 0.000000


1.500000 0.400000 0.000000
1.600000 0.300000 0.000000
1.600000 0.400000 0.000000
1.500000 0.400000 0.000000


1.500000 0.600000 0.000000
1.600000 0.600000 0.000000
1.500000 0.700000 0.000000
1.500000 0.600000 0.000000


1.500000 0.500000 0.000000
1.600000 0.400000 0.000000
1.600000 0.500000 0.000000
1.500000 0.500000 0.000000


1.500000 0.700000 0.000000
1.600000 0.700000 0.000000
1.500000 0.800000 0.000000
1.500000 0.700000 0.000000


1.500000 0.600000 0.000000
1.600000 0.500000 0.000000
1.600000 0.600000 0.000000
1.500000 0.600000 0.000000


1.500000 0.700000 0.000000
1.600000 0.600000 0.000000
1.600000 0.700000 0.000000
1.500000 0.700000 0.000000


1.700000 0.800000 0.000000
1.800000 0.800000 0.000000
1.700000 0.900000 0.000000
1.700000 0.800000 0.000000


1.600000 0.900000 0.000000
1.600000 1.000000 0.000000
1.500000 0.900000 0.000000
1.600000 0.900000 0.000000


1.500000 0.800000 0.000000
1.600000 0.700000 0.000000
1.600000 0.800000 0.000000
1.500000 0.800000 0.000000


1.500000 0.900000 0.000000
1.600000 0.800000 0.000000
1.600000 0.900000 0.000000
1.500000 0.900000 0.000000


1.600000 1.000000 0.000000
1.600000 0.900000 0.000000
1.700000 1.000000 0.000000
1.600000 1.000000 0.000000


1.600000 0.200000 0.000000
1.700000 0.200000 0.000000
1.600000 0.300000 0.000000
1.600000 0.200000 0.000000


1.700000 0.000000 0.000000
1.800000 0.000000 0.000000
1.700000 0.100000 0.000000
1.700000 0.000000 0.000000


1.600000 0.300000 0.000000
1.700000 0.300000 0.000000
1.600000 0.400000 0.000000
1.600000 0.300000 0.000000


1.600000 0.200000 0.000000
1.700000 0.100000 0.000000
1.700000 0.200000 0.000000
1.600000 0.200000 0.000000


1.600000 0.400000 0.000000
1.700000 0.400000 0.000000
1.600000 0.500000 0.000000
1.600000 0.400000 0.000000


1.600000 0.300000 0.000000
1.700000 0.200000 0.000000
1.700000 0.300000 0.000000
1.600000 0.300000 0.000000


1.600000 0.500000 0.000000
1.700000 0.500000 0.000000
1.600000 0.600000 0.000000
1.600000 0.500000 0.000000


1.600000 0.400000 0.000000
1.700000 0.300000 0.000000
1.700000 0.400000 0.000000
1.600000 0.400000 0.000000


1.600000 0.600000 0.000000
1.700000 0.600000 0.000000
1.600000 0.700000 0.000000
1.600000 0.600000 0.000000


1.600000 0.500000 0.000000
1.700000 0.400000 0.000000
1.700000 0.500000 0.000000
1.600000 0.500000 0.000000


1.600000 0.700000 0.000000
1.700000 0.700000 0.000000
1.600000 0.800000 0.000000
1.600000 0.700000 0.000000


1.600000 0.600000 0.000000
1.700000 0.500000 0.000000
1.700000 0.600000 0.000000
1.600000 0.600000 0.000000


1.600000 0.800000 0.000000
1.700000 0.800000 0.000000
1.600000 0.900000 0.000000
1.600000 0.800000 0.000000


1.600000 0.700000 0.000000
1.700000 0.600000 0.000000
1.700000 0.700000 0.000000
1.600000 0.700000 0.000000


1.600000 0.800000 0.000000
1.700000 0.700000 0.000000
1.700000 0.800000 0.000000
1.600000 0.800000 0.000000


1.700000 1.000000 0.000000
1.700000 0.900000 0.000000
1.800000 1.000000 0.000000
1.700000 1.000000 0.000000


1.600000 0.900000 0.000000
1.700000 0.800000 0.000000
1.700000 0.900000 0.000000
1.600000 0.900000 0.000000


1.800000 1.000000 0.000000
1.800000 0.900000 0.000000
1.900000 1.000000 0.000000
1.800000 1.000000 0.000000


1.900000 0.100000 0.000000
1.800000 0.100000 0.000000
1.900000 0.000000 0.000000
1.900000 0.100000 0.000000


1.800000 0.200000 0.000000
1.700000 0.300000 0.000000
1.700000 0.200000 0.000000
1.800000 0.200000 0.000000


1.700000 0.200000 0.000000
1.800000 0.100000 0.000000
1.800000 0.200000 0.000000
1.700000 0.200000 0.000000


2.000000 0.200000 0.000000
2.000000 0.300000 0.000000
1.900000 0.200000 0.000000
2.000000 0.200000 0.000000


1.700000 0.300000 0.000000
1.800000 0.200000 0.000000
1.800000 0.300000 0.000000
1.700000 0.300000 0.000000


2.000000 0.300000 0.000000
2.000000 0.400000 0.000000
1.900000 0.300000 0.000000
2.000000 0.300000 0.000000


1.700000 0.500000 0.000000
1.800000 0.400000 0.000000
1.800000 0.500000 0.000000
1.700000 0.500000 0.000000


1.700000 0.400000 0.000000
1.800000 0.300000 0.000000
1.800000 0.400000 0.000000
1.700000 0.400000 0.000000


1.900000 0.500000 0.000000
1.900000 0.400000 0.000000
2.000000 0.500000 0.000000
1.900000 0.500000 0.000000


1.700000 0.500000 0.000000
1.800000 0.500000 0.000000
1.700000 0.600000 0.000000
1.700000 0.500000 0.000000


1.700000 0.600000 0.000000
1.800000 0.50