0.000000 0.100000 -0.633099
0.050000 0.050000 -0.612847
0.100000 0.100000 -0.647584
0.000000 0.100000 -0.633099


0.100000 0.000000 -0.616645
0.200000 0.000000 -0.635161
0.100000 0.100000 -0.647584
0.100000 0.000000 -0.616645


0.000000 0.400000 -0.918459
0.100000 0.400000 -0.929178
0.000000 0.500000 -0.984101
0.000000 0.400000 -0.918459


0.000000 0.500000 -0.984101
0.100000 0.500000 -0.972494
0.000000 0.600000 -0.955390
0.000000 0.500000 -0.984101


0.000000 0.800000 -0.734347
0.100000 0.800000 -0.709149
0.000000 0.900000 -0.626331
0.000000 0.800000 -0.734347


0.200000 0.800000 -0.702582
0.300000 0.800000 -0.655933
0.200000 0.900000 -0.627399
0.200000 0.800000 -0.702582


0.500000 0.900000 -0.340350
0.600000 1.000000 -0.276804
0.500000 1.000000 -0.401845
0.500000 0.900000 -0.340350


0.300000 0.700000 -0.783439
0.400000 0.700000 -0.674234
0.300000 0.800000 -0.655933
0.300000 0.700000 -0.783439


0.100000 1.000000 -0.593812
0.100000 0.900000 -0.629504
0.200000 1.000000 -0.616432
0.100000 1.000000 -0.593812


0.000000 1.000000 -0.579335
0.050000 0.950000 -0.587244
0.100000 1.000000 -0.593812
0.000000 1.000000 -0.579335


0.000000 0.000000 -0.608432
0.050000 0.050000 -0.612847
0.000000 0.100000 -0.633099
0.000000 0.000000 -0.608432


0.400000 0.700000 -0.674234
0.500000 0.700000 -0.382972
0.400000 0.800000 -0.550973
0.400000 0.700000 -0.674234


0.100000 0.000000 -0.616645
0.100000 0.100000 -0.647584
0.050000 0.050000 -0.612847
0.100000 0.000000 -0.616645


0.400000 0.300000 -0.703677
0.500000 0.300000 -0.445311
0.400000 0.400000 -1.076414
0.400000 0.300000 -0.703677


0.200000 0.100000 -0.651657
0.100000 0.100000 -0.647584
0.200000 0.000000 -0.635161
0.200000 0.100000 -0.651657


0.500000 0.000000 -0.420732
0.600000 0.000000 -0.298193
0.500000 0.100000 -0.402241
0.500000 0.000000 -0.420732


0.100000 0.200000 -0.725561
0.200000 0.200000 -0.715085
0.100000 0.300000 -0.828839
0.100000 0.200000 -0.725561


0.300000 0.200000 -0.673295
0.400000 0.200000 -0.582524
0.300000 0.300000 -0.785355
0.300000 0.200000 -0.673295


0.100000 0.300000 -0.828839
0.200000 0.300000 -0.812073
0.100000 0.400000 -0.929178
0.100000 0.300000 -0.828839


0.400000 0.100000 -0.527122
0.300000 0.100000 -0.611132
0.400000 0.000000 -0.531478
0.400000 0.100000 -0.527122


0.200000 0.100000 -0.651657
0.300000 0.100000 -0.611132
0.200000 0.200000 -0.715085
0.200000 0.100000 -0.651657


0.300000 0.300000 -0.785355
0.400000 0.300000 -0.703677
0.300000 0.400000 -0.961770
0.300000 0.300000 -0.785355


0.200000 0.400000 -0.923350
0.300000 0.400000 -0.961770
0.200000 0.500000 -0.989014
0.200000 0.400000 -0.923350


0.500000 0.200000 -0.420421
0.400000 0.200000 -0.582524
0.500000 0.100000 -0.402241
0.500000 0.200000 -0.420421


0.600000 0.000000 -0.298193
0.600000 0.100000 -0.267539
0.500000 0.100000 -0.402241
0.600000 0.000000 -0.298193


0.700000 0.100000 -0.165622
0.600000 0.100000 -0.267539
0.700000 0.000000 -0.197968
0.700000 0.100000 -0.165622


0.466708 0.572744 -0.808631
0.500000 0.700000 -0.382972
0.400000 0.600000 -0.989910
0.466708 0.572744 -0.808631


0.700000 0.500000 0.409121
0.576814 0.477647 0.484474
0.600000 0.400000 0.051786
0.700000 0.500000 0.409121


0.800000 0.100000 -0.098782
0.700000 0.100000 -0.165622
0.800000 0.000000 -0.125803
0.800000 0.100000 -0.098782


0.900000 0.100000 -0.058316
0.800000 0.100000 -0.098782
0.900000 0.000000 -0.077800
0.900000 0.100000 -0.058316


0.700000 0.200000 -0.117856
0.800000 0.200000 -0.058459
0.700000 0.300000 -0.012947
0.700000 0.200000 -0.117856


0.900000 0.100000 -0.058316
1.000000 0.100000 -0.034771
0.900000 0.200000 -0.031319
0.900000 0.100000 -0.058316


0.700000 0.400000 0.150447
0.800000 0.400000 0.105340
0.700000 0.500000 0.409121
0.700000 0.400000 0.150447


1.100000 0.000000 -0.029087
1.100000 0.100000 -0.021248
1.000000 0.100000 -0.034771
1.100000 0.000000 -0.029087


0.800000 0.400000 0.105340
0.900000 0.400000 0.052227
0.800000 0.500000 0.142662
0.800000 0.400000 0.105340


1.000000 0.300000 0.004016
1.100000 0.300000 0.000733
1.000000 0.400000 0.026133
1.000000 0.300000 0.004016


0.900000 0.400000 0.052227
1.000000 0.400000 0.026133
0.900000 0.500000 0.072325
0.900000 0.400000 0.052227


1.100000 0.300000 0.000733
1.200000 0.300000 -0.000966
1.100000 0.400000 0.012674
1.100000 0.300000 0.000733


1.200000 0.100000 -0.013395
1.300000 0.100000 -0.008726
1.200000 0.200000 -0.008065
1.200000 0.100000 -0.013395


1.300000 0.400000 0.002092
1.400000 0.400000 0.000331
1.300000 0.500000 0.004164
1.300000 0.400000 0.002092


1.300000 0.100000 -0.008726
1.200000 0.100000 -0.013395
1.300000 0.000000 -0.011498
1.300000 0.100000 -0.008726


1.700000 0.400000 -0.000675
1.800000 0.400000 -0.000497
1.700000 0.500000 -0.000365
1.700000 0.400000 -0.000675


1.200000 0.300000 -0.000966
1.300000 0.300000 -0.001689
1.200000 0.400000 0.005677
1.200000 0.300000 -0.000966


1.700000 0.700000 -0.000425
1.800000 0.700000 -0.000323
1.700000 0.800000 -0.000703
1.700000 0.700000 -0.000425


1.400000 0.200000 -0.004171
1.500000 0.200000 -0.003068
1.400000 0.300000 -0.001860
1.400000 0.200000 -0.004171


2.000000 0.900000 -0.000108
1.900000 0.900000 -0.000262
1.900000 0.800000 -0.000205
2.000000 0.900000 -0.000108


1.700000 0.000000 -0.002260
1.700000 0.100000 -0.001863
1.600000 0.100000 -0.002765
1.700000 0.000000 -0.002260


1.700000 0.100000 -0.001863
1.800000 0.000000 -0.001451
1.800000 0.100000 -0.001167
1.700000 0.100000 -0.001863


2.000000 0.000000 -0.000051
2.000000 0.100000 -0.000059
1.950000 0.050000 -0.000244
2.000000 0.000000 -0.000051


2.000000 0.000000 -0.000051
1.950000 0.050000 -0.000244
1.900000 0.000000 -0.000669
2.000000 0.000000 -0.000051


1.600000 0.100000 -0.002765
1.700000 0.100000 -0.001863
1.600000 0.200000 -0.002233
1.600000 0.100000 -0.002765


1.500000 0.100000 -0.004015
1.600000 0.100000 -0.002765
1.500000 0.200000 -0.003068
1.500000 0.100000 -0.004015


1.300000 0.200000 -0.005725
1.400000 0.200000 -0.004171
1.300000 0.300000 -0.001689
1.300000 0.200000 -0.005725


1.600000 0.100000 -0.002765
1.500000 0.100000 -0.004015
1.600000 0.000000 -0.003378
1.600000 0.100000 -0.002765


1.900000 0.400000 -0.000278
1.900000 0.300000 -0.000394
2.000000 0.400000 -0.000203
1.900000 0.400000 -0.000278


1.900000 0.600000 -0.000133
1.900000 0.500000 -0.000180
2.000000 0.600000 -0.000101
1.900000 0.600000 -0.000133


1.900000 0.700000 -0.000146
2.000000 0.800000 -0.000060
1.900000 0.800000 -0.000205
1.900000 0.700000 -0.000146


2.000000 1.000000 -0.000049
1.900000 1.000000 -0.000357
1.950000 0.950000 -0.000163
2.000000 1.000000 -0.000049


2.000000 0.800000 -0.000060
2.000000 0.900000 -0.000108
1.900000 0.800000 -0.000205
2.000000 0.800000 -0.000060


2.000000 1.000000 -0.000049
1.950000 0.950000 -0.000163
2.000000 0.900000 -0.000108
2.000000 1.000000 -0.000049


0.000000 0.100000 -0.633099
0.100000 0.100000 -0.647584
0.000000 0.200000 -0.696687
0.000000 0.100000 -0.633099


0.000000 0.000000 -0.608432
0.100000 0.000000 -0.616645
0.050000 0.050000 -0.612847
0.000000 0.000000 -0.608432


0.050000 0.950000 -0.587244
0.000000 1.000000 -0.579335
0.000000 0.900000 -0.626331
0.050000 0.950000 -0.587244


0.000000 0.900000 -0.626331
0.100000 0.900000 -0.629504
0.050000 0.950000 -0.587244
0.000000 0.900000 -0.626331


1.900000 0.100000 -0.000521
1.900000 0.000000 -0.000669
1.950000 0.050000 -0.000244
1.900000 0.100000 -0.000521


1.800000 0.000000 -0.001451
1.900000 0.000000 -0.000669
1.800000 0.100000 -0.001167
1.800000 0.000000 -0.001451


0.000000 0.300000 -0.803781
0.100000 0.300000 -0.828839
0.000000 0.400000 -0.918459
0.000000 0.300000 -0.803781


0.000000 0.200000 -0.696687
0.100000 0.200000 -0.725561
0.000000 0.300000 -0.803781
0.000000 0.200000 -0.696687


0.100000 0.200000 -0.725561
0.000000 0.200000 -0.696687
0.100000 0.100000 -0.647584
0.100000 0.200000 -0.725561


0.100000 0.100000 -0.647584
0.200000 0.100000 -0.651657
0.100000 0.200000 -0.725561
0.100000 0.100000 -0.647584


0.000000 0.300000 -0.803781
0.100000 0.200000 -0.725561
0.100000 0.300000 -0.828839
0.000000 0.300000 -0.803781


0.100000 0.400000 -0.929178
0.200000 0.400000 -0.923350
0.100000 0.500000 -0.972494
0.100000 0.400000 -0.929178


0.000000 0.500000 -0.984101
0.100000 0.400000 -0.929178
0.100000 0.500000 -0.972494
0.000000 0.500000 -0.984101


0.000000 0.400000 -0.918459
0.100000 0.300000 -0.828839
0.100000 0.400000 -0.929178
0.000000 0.400000 -0.918459


0.600000 0.100000 -0.267539
0.700000 0.100000 -0.165622
0.600000 0.200000 -0.232043
0.600000 0.100000 -0.267539


0.000000 0.600000 -0.955390
0.100000 0.600000 -0.923867
0.000000 0.700000 -0.853440
0.000000 0.600000 -0.955390


0.000000 0.700000 -0.853440
0.100000 0.700000 -0.817003
0.000000 0.800000 -0.734347
0.000000 0.700000 -0.853440


0.000000 0.600000 -0.955390
0.100000 0.500000 -0.972494
0.100000 0.600000 -0.923867
0.000000 0.600000 -0.955390


0.000000 0.700000 -0.853440
0.100000 0.600000 -0.923867
0.100000 0.700000 -0.817003
0.000000 0.700000 -0.853440


1.100000 0.800000 -0.007961
1.200000 0.700000 0.001911
1.200000 0.800000 -0.004599
1.100000 0.800000 -0.007961


0.000000 0.900000 -0.626331
0.100000 0.800000 -0.709149
0.100000 0.900000 -0.629504
0.000000 0.900000 -0.626331


0.000000 0.800000 -0.734347
0.100000 0.700000 -0.817003
0.100000 0.800000 -0.709149
0.000000 0.800000 -0.734347


0.200000 1.000000 -0.616432
0.200000 0.900000 -0.627399
0.300000 1.000000 -0.584590
0.200000 1.000000 -0.616432


0.100000 1.000000 -0.593812
0.050000 0.950000 -0.587244
0.100000 0.900000 -0.629504
0.100000 1.000000 -0.593812


0.200000 0.000000 -0.635161
0.300000 0.000000 -0.604707
0.200000 0.100000 -0.651657
0.200000 0.000000 -0.635161


0.300000 0.100000 -0.611132
0.200000 0.100000 -0.651657
0.300000 0.000000 -0.604707
0.300000 0.100000 -0.611132


0.200000 0.200000 -0.715085
0.100000 0.200000 -0.725561
0.200000 0.100000 -0.651657
0.200000 0.200000 -0.715085


0.300000 0.100000 -0.611132
0.400000 0.100000 -0.527122
0.300000 0.200000 -0.673295
0.300000 0.100000 -0.611132


0.100000 0.500000 -0.972494
0.200000 0.500000 -0.989014
0.100000 0.600000 -0.923867
0.100000 0.500000 -0.972494


0.100000 0.300000 -0.828839
0.200000 0.200000 -0.715085
0.200000 0.300000 -0.812073
0.100000 0.300000 -0.828839


0.100000 0.500000 -0.972494
0.200000 0.400000 -0.923350
0.200000 0.500000 -0.989014
0.100000 0.500000 -0.972494


0.100000 0.400000 -0.929178
0.200000 0.300000 -0.812073
0.200000 0.400000 -0.923350
0.100000 0.400000 -0.929178


0.600000 0.300000 -0.130303
0.600000 0.400000 0.051786
0.500000 0.300000 -0.445311
0.600000 0.300000 -0.130303


0.100000 0.600000 -0.923867
0.200000 0.600000 -0.942276
0.100000 0.700000 -0.817003
0.100000 0.600000 -0.923867


0.100000 0.700000 -0.817003
0.200000 0.700000 -0.813699
0.100000 0.800000 -0.709149
0.100000 0.700000 -0.817003


0.100000 0.600000 -0.923867
0.200000 0.500000 -0.989014
0.200000 0.600000 -0.942276
0.100000 0.600000 -0.923867


0.100000 0.800000 -0.709149
0.200000 0.700000 -0.813699
0.200000 0.800000 -0.702582
0.100000 0.800000 -0.709149


0.100000 0.700000 -0.817003
0.200000 0.600000 -0.942276
0.200000 0.700000 -0.813699
0.100000 0.700000 -0.817003


0.500000 0.900000 -0.340350
0.600000 0.900000 -0.213153
0.600000 1.000000 -0.276804
0.500000 0.900000 -0.340350


0.100000 0.800000 -0.709149
0.200000 0.800000 -0.702582
0.100000 0.900000 -0.629504
0.100000 0.800000 -0.709149


0.200000 0.900000 -0.627399
0.200000 1.000000 -0.616432
0.100000 0.900000 -0.629504
0.200000 0.900000 -0.627399


0.100000 0.900000 -0.629504
0.200000 0.800000 -0.702582
0.200000 0.900000 -0.627399
0.100000 0.900000 -0.629504


0.300000 0.000000 -0.604707
0.400000 0.000000 -0.531478
0.300000 0.100000 -0.611132
0.300000 0.000000 -0.604707


0.200000 0.200000 -0.715085
0.300000 0.200000 -0.673295
0.200000 0.300000 -0.812073
0.200000 0.200000 -0.715085


0.200000 0.300000 -0.812073
0.300000 0.300000 -0.785355
0.200000 0.400000 -0.923350
0.200000 0.300000 -0.812073


0.200000 0.200000 -0.715085
0.300000 0.100000 -0.611132
0.300000 0.200000 -0.673295
0.200000 0.200000 -0.715085


0.200000 0.500000 -0.989014
0.300000 0.500000 -1.157946
0.200000 0.600000 -0.942276
0.200000 0.500000 -0.989014


0.200000 0.300000 -0.812073
0.300000 0.200000 -0.673295
0.300000 0.300000 -0.785355
0.200000 0.300000 -0.812073


0.200000 0.500000 -0.989014
0.300000 0.400000 -0.961770
0.300000 0.500000 -1.157946
0.200000 0.500000 -0.989014


0.200000 0.400000 -0.923350
0.300000 0.300000 -0.785355
0.300000 0.400000 -0.961770
0.200000 0.400000 -0.923350


0.800000 0.200000 -0.058459
0.900000 0.200000 -0.031319
0.800000 0.300000 0.013803
0.800000 0.200000 -0.058459


0.200000 0.600000 -0.942276
0.300000 0.600000 -0.969441
0.200000 0.700000 -0.813699
0.200000 0.600000 -0.942276


0.200000 0.700000 -0.813699
0.300000 0.700000 -0.783439
0.200000 0.800000 -0.702582
0.200000 0.700000 -0.813699


0.200000 0.600000 -0.942276
0.300000 0.500000 -1.157946
0.300000 0.600000 -0.969441
0.200000 0.600000 -0.942276


0.200000 0.700000 -0.813699
0.300000 0.600000 -0.969441
0.300000 0.700000 -0.783439
0.200000 0.700000 -0.813699


0.800000 0.800000 -0.051367
0.900000 0.700000 0.008761
0.900000 0.800000 -0.027028
0.800000 0.800000 -0.051367


0.300000 0.900000 -0.575609
0.300000 1.000000 -0.584590
0.200000 0.900000 -0.627399
0.300000 0.900000 -0.575609


0.200000 0.800000 -0.702582
0.300000 0.700000 -0.783439
0.300000 0.800000 -0.655933
0.200000 0.800000 -0.702582


0.200000 0.900000 -0.627399
0.300000 0.800000 -0.655933
0.300000 0.900000 -0.575609
0.200000 0.900000 -0.627399


0.300000 0.900000 -0.575609
0.400000 1.000000 -0.510380
0.300000 1.000000 -0.584590
0.300000 0.900000 -0.575609


0.400000 0.000000 -0.531478
0.500000 0.000000 -0.420732
0.400000 0.100000 -0.527122
0.400000 0.000000 -0.531478


0.400000 0.100000 -0.527122
0.500000 0.100000 -0.402241
0.400000 0.200000 -0.582524
0.400000 0.100000 -0.527122


0.300000 0.400000 -0.961770
0.400000 0.400000 -1.076414
0.300000 0.500000 -1.157946
0.300000 0.400000 -0.961770


0.300000 0.200000 -0.673295
0.400000 0.100000 -0.527122
0.400000 0.200000 -0.582524
0.300000 0.200000 -0.673295


0.300000 0.600000 -0.969441
0.300000 0.500000 -1.157946
0.400000 0.600000 -0.989910
0.300000 0.600000 -0.969441


0.300000 0.300000 -0.785355
0.400000 0.200000 -0.582524
0.400000 0.300000 -0.703677
0.300000 0.300000 -0.785355


0.300000 0.600000 -0.969441
0.400000 0.600000 -0.989910
0.300000 0.700000 -0.783439
0.300000 0.600000 -0.969441


0.300000 0.400000 -0.961770
0.400000 0.300000 -0.703677
0.400000 0.400000 -1.076414
0.300000 0.400000 -0.961770


0.400000 0.600000 -0.989910
0.420801 0.511290 -1.407544
0.466708 0.572744 -0.808631
0.400000 0.600000 -0.989910


0.900000 0.800000 -0.027028
1.000000 0.800000 -0.014458
0.900000 0.900000 -0.039884
0.900000 0.800000 -0.027028


0.300000 0.800000 -0.655933
0.400000 0.800000 -0.550973
0.300000 0.900000 -0.575609
0.300000 0.800000 -0.655933


0.300000 0.700000 -0.783439
0.400000 0.600000 -0.989910
0.400000 0.700000 -0.674234
0.300000 0.700000 -0.783439


0.300000 0.900000 -0.575609
0.400000 0.800000 -0.550973
0.400000 0.900000 -0.478814
0.300000 0.900000 -0.575609


0.300000 0.800000 -0.655933
0.400000 0.700000 -0.674234
0.400000 0.800000 -0.550973
0.300000 0.800000 -0.655933


0.400000 0.900000 -0.478814
0.500000 1.000000 -0.401845
0.400000 1.000000 -0.510380
0.400000 0.900000 -0.478814


0.400000 1.000000 -0.510380
0.300000 0.900000 -0.575609
0.400000 0.900000 -0.478814
0.400000 1.000000 -0.510380


0.400000 0.200000 -0.582524
0.500000 0.200000 -0.420421
0.400000 0.300000 -0.703677
0.400000 0.200000 -0.582524


0.500000 0.100000 -0.402241
0.400000 0.100000 -0.527122
0.500000 0.000000 -0.420732
0.500000 0.100000 -0.402241


0.500000 0.100000 -0.402241
0.600000 0.100000 -0.267539
0.500000 0.200000 -0.420421
0.500000 0.100000 -0.402241


0.500000 0.200000 -0.420421
0.600000 0.200000 -0.232043
0.500000 0.300000 -0.445311
0.500000 0.200000 -0.420421


0.400000 0.700000 -0.674234
0.400000 0.600000 -0.989910
0.500000 0.700000 -0.382972
0.400000 0.700000 -0.674234


0.400000 0.300000 -0.703677
0.500000 0.200000 -0.420421
0.500000 0.300000 -0.445311
0.400000 0.300000 -0.703677


0.500000 0.700000 -0.382972
0.543224 0.567318 0.100904
0.600000 0.600000 0.260680
0.500000 0.700000 -0.382972


0.800000 0.600000 0.088666
0.900000 0.600000 0.049892
0.800000 0.700000 0.008023
0.800000 0.600000 0.088666


0.400000 0.800000 -0.550973
0.500000 0.800000 -0.355277
0.400000 0.900000 -0.478814
0.400000 0.800000 -0.550973


0.400000 0.800000 -0.550973
0.500000 0.700000 -0.382972
0.500000 0.800000 -0.355277
0.400000 0.800000 -0.550973


0.400000 0.900000 -0.478814
0.500000 0.900000 -0.340350
0.500000 1.000000 -0.401845
0.400000 0.900000 -0.478814


0.400000 0.900000 -0.478814
0.500000 0.800000 -0.355277
0.500000 0.900000 -0.340350
0.400000 0.900000 -0.478814


0.600000 0.000000 -0.298193
0.700000 0.000000 -0.197968
0.600000 0.100000 -0.267539
0.600000 0.000000 -0.298193


0.500000 0.300000 -0.445311
0.447709 0.439456 -0.935004
0.400000 0.400000 -1.076414
0.500000 0.300000 -0.445311


0.600000 0.200000 -0.232043
0.500000 0.200000 -0.420421
0.600000 0.100000 -0.267539
0.600000 0.200000 -0.232043


0.700000 0.100000 -0.165622
0.800000 0.100000 -0.098782
0.700000 0.200000 -0.117856
0.700000 0.100000 -0.165622


0.500000 0.300000 -0.445311
0.600000 0.200000 -0.232043
0.600000 0.300000 -0.130303
0.500000 0.300000 -0.445311


0.700000 0.500000 0.409121
0.800000 0.500000 0.142662
0.700000 0.600000 0.154722
0.700000 0.500000 0.409121


0.900000 0.200000 -0.031319
1.000000 0.200000 -0.018488
0.900000 0.300000 0.009326
0.900000 0.200000 -0.031319


0.600000 0.600000 0.260680
0.580000 0.500000 0.741819
0.700000 0.500000 0.409121
0.600000 0.600000 0.260680


1.100000 0.100000 -0.021248
1.200000 0.100000 -0.013395
1.100000 0.200000 -0.011849
1.100000 0.100000 -0.021248


0.500000 0.700000 -0.382972
0.600000 0.700000 -0.082492
0.500000 0.800000 -0.355277
0.500000 0.700000 -0.382972


0.500000 0.800000 -0.355277
0.600000 0.800000 -0.191300
0.500000 0.900000 -0.340350
0.500000 0.800000 -0.355277


0.500000 0.700000 -0.382972
0.600000 0.600000 0.260680
0.600000 0.700000 -0.082492
0.500000 0.700000 -0.382972


0.500000 0.800000 -0.355277
0.600000 0.700000 -0.082492
0.600000 0.800000 -0.191300
0.500000 0.800000 -0.355277


0.500000 0.900000 -0.340350
0.600000 0.800000 -0.191300
0.600000 0.900000 -0.213153
0.500000 0.900000 -0.340350


0.800000 0.900000 -0.071095
0.800000 1.000000 -0.106569
0.700000 0.900000 -0.124980
0.800000 0.900000 -0.071095


0.600000 1.000000 -0.276804
0.600000 0.900000 -0.213153
0.700000 1.000000 -0.175316
0.600000 1.000000 -0.276804


0.700000 0.000000 -0.197968
0.800000 0.000000 -0.125803
0.700000 0.100000 -0.165622
0.700000 0.000000 -0.197968


0.600000 0.200000 -0.232043
0.700000 0.200000 -0.117856
0.600000 0.300000 -0.130303
0.600000 0.200000 -0.232043


0.600000 0.300000 -0.130303
0.700000 0.300000 -0.012947
0.600000 0.400000 0.051786
0.600000 0.300000 -0.130303


0.600000 0.200000 -0.232043
0.700000 0.100000 -0.165622
0.700000 0.200000 -0.117856
0.600000 0.200000 -0.232043


0.600000 0.600000 0.260680
0.700000 0.600000 0.154722
0.600000 0.700000 -0.082492
0.600000 0.600000 0.260680


0.600000 0.300000 -0.130303
0.700000 0.200000 -0.117856
0.700000 0.300000 -0.012947
0.600000 0.300000 -0.130303


0.600000 0.400000 0.051786
0.700000 0.300000 -0.012947
0.700000 0.400000 0.150447
0.600000 0.400000 0.051786


1.000000 0.100000 -0.034771
1.100000 0.100000 -0.021248
1.000000 0.200000 -0.018488
1.000000 0.100000 -0.034771


0.700000 0.600000 0.154722
0.600000 0.600000 0.260680
0.700000 0.500000 0.409121
0.700000 0.600000 0.154722


0.600000 0.400000 0.051786
0.700000 0.400000 0.150447
0.700000 0.500000 0.409121
0.600000 0.400000 0.051786


1.200000 0.600000 0.007473
1.300000 0.500000 0.004164
1.300000 0.600000 0.003550
1.200000 0.600000 0.007473


0.600000 0.700000 -0.082492
0.700000 0.700000 -0.007451
0.600000 0.800000 -0.191300
0.600000 0.700000 -0.082492


0.600000 0.800000 -0.191300
0.700000 0.800000 -0.098715
0.600000 0.900000 -0.213153
0.600000 0.800000 -0.191300


0.600000 0.700000 -0.082492
0.700000 0.600000 0.154722
0.700000 0.700000 -0.007451
0.600000 0.700000 -0.082492


0.700000 0.900000 -0.124980
0.700000 1.000000 -0.175316
0.600000 0.900000 -0.213153
0.700000 0.900000 -0.124980


0.600000 0.800000 -0.191300
0.700000 0.700000 -0.007451
0.700000 0.800000 -0.098715
0.600000 0.800000 -0.191300


0.600000 0.900000 -0.213153
0.700000 0.800000 -0.098715
0.700000 0.900000 -0.124980
0.600000 0.900000 -0.213153


0.700000 1.000000 -0.175316
0.700000 0.900000 -0.124980
0.800000 1.000000 -0.106569
0.700000 1.000000 -0.175316


0.800000 0.000000 -0.125803
0.900000 0.000000 -0.077800
0.800000 0.100000 -0.098782
0.800000 0.000000 -0.125803


0.800000 0.100000 -0.098782
0.900000 0.100000 -0.058316
0.800000 0.200000 -0.058459
0.800000 0.100000 -0.098782


0.700000 0.300000 -0.012947
0.800000 0.300000 0.013803
0.700000 0.400000 0.150447
0.700000 0.300000 -0.012947


0.700000 0.200000 -0.117856
0.800000 0.100000 -0.098782
0.800000 0.200000 -0.058459
0.700000 0.200000 -0.117856


0.700000 0.300000 -0.012947
0.800000 0.200000 -0.058459
0.800000 0.300000 0.013803
0.700000 0.300000 -0.012947


0.800000 0.500000 0.142662
0.900000 0.500000 0.072325
0.800000 0.600000 0.088666
0.800000 0.500000 0.142662


0.700000 0.600000 0.154722
0.800000 0.600000 0.088666
0.700000 0.700000 -0.007451
0.700000 0.600000 0.154722


0.700000 0.400000 0.150447
0.800000 0.300000 0.013803
0.800000 0.400000 0.105340
0.700000 0.400000 0.150447


0.700000 0.500000 0.409121
0.800000 0.400000 0.105340
0.800000 0.500000 0.142662
0.700000 0.500000 0.409121


1.100000 0.400000 0.012674
1.200000 0.400000 0.005677
1.100000 0.500000 0.018649
1.100000 0.400000 0.012674


0.700000 0.700000 -0.007451
0.800000 0.700000 0.008023
0.700000 0.800000 -0.098715
0.700000 0.700000 -0.007451


0.700000 0.600000 0.154722
0.800000 0.500000 0.142662
0.800000 0.600000 0.088666
0.700000 0.600000 0.154722


0.700000 0.800000 -0.098715
0.800000 0.800000 -0.051367
0.700000 0.900000 -0.124980
0.700000 0.800000 -0.098715


0.700000 0.700000 -0.007451
0.800000 0.600000 0.088666
0.800000 0.700000 0.008023
0.700000 0.700000 -0.007451


0.700000 0.800000 -0.098715
0.800000 0.700000 0.008023
0.800000 0.800000 -0.051367
0.700000 0.800000 -0.098715


0.700000 0.900000 -0.124980
0.800000 0.800000 -0.051367
0.800000 0.900000 -0.071095
0.700000 0.900000 -0.124980


0.800000 0.900000 -0.071095
0.900000 0.900000 -0.039884
0.900000 1.000000 -0.063395
0.800000 0.900000 -0.071095


0.900000 1.000000 -0.063395
0.800000 1.000000 -0.106569
0.800000 0.900000 -0.071095
0.900000 1.000000 -0.063395


0.900000 0.100000 -0.058316
0.900000 0.000000 -0.077800
1.000000 0.000000 -0.047502
0.900000 0.100000 -0.058316


1.000000 0.000000 -0.047502
1.000000 0.100000 -0.034771
0.900000 0.100000 -0.058316
1.000000 0.000000 -0.047502


0.800000 0.300000 0.013803
0.900000 0.300000 0.009326
0.800000 0.400000 0.105340
0.800000 0.300000 0.013803


0.900000 0.200000 -0.031319
0.800000 0.200000 -0.058459
0.900000 0.100000 -0.058316
0.900000 0.200000 -0.031319


0.900000 0.300000 0.009326
0.800000 0.300000 0.013803
0.900000 0.200000 -0.031319
0.900000 0.300000 0.009326


0.900000 0.500000 0.072325
1.000000 0.500000 0.036882
0.900000 0.600000 0.049892
0.900000 0.500000 0.072325


0.800000 0.400000 0.105340
0.900000 0.300000 0.009326
0.900000 0.400000 0.052227
0.800000 0.400000 0.105340


0.900000 0.500000 0.072325
1.000000 0.400000 0.026133
1.000000 0.500000 0.036882
0.900000 0.500000 0.072325


0.800000 0.500000 0.142662
0.900000 0.400000 0.052227
0.900000 0.500000 0.072325
0.800000 0.500000 0.142662


1.900000 0.200000 -0.000486
1.900000 0.100000 -0.000521
2.000000 0.200000 -0.000199
1.900000 0.200000 -0.000486


0.800000 0.700000 0.008023
0.900000 0.700000 0.008761
0.800000 0.800000 -0.051367
0.800000 0.700000 0.008023


0.800000 0.600000 0.088666
0.900000 0.500000 0.072325
0.900000 0.600000 0.049892
0.800000 0.600000 0.088666


0.800000 0.800000 -0.051367
0.900000 0.800000 -0.027028
0.800000 0.900000 -0.071095
0.800000 0.800000 -0.051367


0.800000 0.700000 0.008023
0.900000 0.600000 0.049892
0.900000 0.700000 0.008761
0.800000 0.700000 0.008023


1.700000 0.900000 -0.000792
1.700000 1.000000 -0.001229
1.600000 0.900000 -0.001192
1.700000 0.900000 -0.000792


0.800000 0.900000 -0.071095
0.900000 0.800000 -0.027028
0.900000 0.900000 -0.039884
0.800000 0.900000 -0.071095


1.100000 1.000000 -0.021868
1.100000 0.900000 -0.012582
1.200000 1.000000 -0.012882
1.100000 1.000000 -0.021868


0.900000 1.000000 -0.063395
0.900000 0.900000 -0.039884
1.000000 1.000000 -0.037294
0.900000 1.000000 -0.063395


1.000000 0.100000 -0.034771
1.000000 0.000000 -0.047502
1.100000 0.000000 -0.029087
1.000000 0.100000 -0.034771


1.000000 0.200000 -0.018488
0.900000 0.200000 -0.031319
1.000000 0.100000 -0.034771
1.000000 0.200000 -0.018488


1.000000 0.200000 -0.018488
1.100000 0.200000 -0.011849
1.000000 0.300000 0.004016
1.000000 0.200000 -0.018488


0.900000 0.300000 0.009326
1.000000 0.300000 0.004016
0.900000 0.400000 0.052227
0.900000 0.300000 0.009326


0.900000 0.300000 0.009326
1.000000 0.200000 -0.018488
1.000000 0.300000 0.004016
0.900000 0.300000 0.009326


1.000000 0.500000 0.036882
1.100000 0.500000 0.018649
1.000000 0.600000 0.027387
1.000000 0.500000 0.036882


0.900000 0.400000 0.052227
1.000000 0.300000 0.004016
1.000000 0.400000 0.026133
0.900000 0.400000 0.052227


1.500000 0.100000 -0.004015
1.400000 0.100000 -0.005857
1.500000 0.000000 -0.005005
1.500000 0.100000 -0.004015


1.800000 0.100000 -0.001167
1.900000 0.100000 -0.000521
1.800000 0.200000 -0.000979
1.800000 0.100000 -0.001167


0.900000 0.600000 0.049892
1.000000 0.600000 0.027387
0.900000 0.700000 0.008761
0.900000 0.600000 0.049892


0.900000 0.700000 0.008761
1.000000 0.700000 0.006274
0.900000 0.800000 -0.027028
0.900000 0.700000 0.008761


0.900000 0.600000 0.049892
1.000000 0.500000 0.036882
1.000000 0.600000 0.027387
0.900000 0.600000 0.049892


0.900000 0.700000 0.008761
1.000000 0.600000 0.027387
1.000000 0.700000 0.006274
0.900000 0.700000 0.008761


1.400000 0.800000 -0.001892
1.500000 0.800000 -0.001343
1.400000 0.900000 -0.002702
1.400000 0.800000 -0.001892


1.000000 0.900000 -0.022311
1.000000 1.000000 -0.037294
0.900000 0.900000 -0.039884
1.000000 0.900000 -0.022311


0.900000 0.800000 -0.027028
1.000000 0.700000 0.006274
1.000000 0.800000 -0.014458
0.900000 0.800000 -0.027028


0.900000 0.900000 -0.039884
1.000000 0.800000 -0.014458
1.000000 0.900000 -0.022311
0.900000 0.900000 -0.039884


1.000000 0.900000 -0.022311
1.100000 1.000000 -0.021868
1.000000 1.000000 -0.037294
1.000000 0.900000 -0.022311


1.100000 0.000000 -0.029087
1.200000 0.000000 -0.018080
1.100000 0.100000 -0.021248
1.100000 0.000000 -0.029087


1.200000 0.100000 -0.013395
1.100000 0.100000 -0.021248
1.200000 0.000000 -0.018080
1.200000 0.100000 -0.013395


1.000000 0.400000 0.026133
1.100000 0.400000 0.012674
1.000000 0.500000 0.036882
1.000000 0.400000 0.026133


1.000000 0.200000 -0.018488
1.100000 0.100000 -0.021248
1.100000 0.200000 -0.011849
1.000000 0.200000 -0.018488


1.000000 0.300000 0.004016
1.100000 0.200000 -0.011849
1.100000 0.300000 0.000733
1.000000 0.300000 0.004016


1.400000 0.100000 -0.005857
1.500000 0.100000 -0.004015
1.400000 0.200000 -0.004171
1.400000 0.100000 -0.005857


1.000000 0.600000 0.027387
1.100000 0.600000 0.014610
1.000000 0.700000 0.006274
1.000000 0.600000 0.027387


1.000000 0.400000 0.026133
1.100000 0.300000 0.000733
1.100000 0.400000 0.012674
1.000000 0.400000 0.026133


1.000000 0.700000 0.006274
1.100000 0.700000 0.003757
1.000000 0.800000 -0.014458
1.000000 0.700000 0.006274


1.000000 0.500000 0.036882
1.100000 0.400000 0.012674
1.100000 0.500000 0.018649
1.000000 0.500000 0.036882


1.000000 0.600000 0.027387
1.100000 0.500000 0.018649
1.100000 0.600000 0.014610
1.000000 0.600000 0.027387


1.300000 0.600000 0.003550
1.400000 0.600000 0.001448
1.300000 0.700000 0.000725
1.300000 0.600000 0.003550


1.000000 0.800000 -0.014458
1.100000 0.700000 0.003757
1.100000 0.800000 -0.007961
1.000000 0.800000 -0.014458


1.000000 0.700000 0.006274
1.100000 0.600000 0.014610
1.100000 0.700000 0.003757
1.000000 0.700000 0.006274


1.200000 0.900000 -0.007246
1.200000 1.000000 -0.012882
1.100000 0.900000 -0.012582
1.200000 0.900000 -0.007246


1.000000 0.800000 -0.014458
1.100000 0.800000 -0.007961
1.000000 0.900000 -0.022311
1.000000 0.800000 -0.014458


1.000000 0.900000 -0.022311
1.100000 0.900000 -0.012582
1.100000 1.000000 -0.021868
1.000000 0.900000 -0.022311


1.000000 0.900000 -0.022311
1.100000 0.800000 -0.007961
1.100000 0.900000 -0.012582
1.000000 0.900000 -0.022311


1.100000 0.200000 -0.011849
1.200000 0.200000 -0.008065
1.100000 0.300000 0.000733
1.100000 0.200000 -0.011849


1.200000 0.000000 -0.018080
1.300000 0.000000 -0.011498
1.200000 0.100000 -0.013395
1.200000 0.000000 -0.018080


1.200000 0.200000 -0.008065
1.100000 0.200000 -0.011849
1.200000 0.100000 -0.013395
1.200000 0.200000 -0.008065


1.200000 0.200000 -0.008065
1.300000 0.200000 -0.005725
1.200000 0.300000 -0.000966
1.200000 0.200000 -0.008065


1.100000 0.500000 0.018649
1.200000 0.500000 0.009136
1.100000 0.600000 0.014610
1.100000 0.500000 0.018649


1.100000 0.300000 0.000733
1.200000 0.200000 -0.008065
1.200000 0.300000 -0.000966
1.100000 0.300000 0.000733


1.100000 0.500000 0.018649
1.200000 0.400000 0.005677
1.200000 0.500000 0.009136
1.100000 0.500000 0.018649


1.100000 0.400000 0.012674
1.200000 0.300000 -0.000966
1.200000 0.400000 0.005677
1.100000 0.400000 0.012674


1.700000 0.300000 -0.001120
1.800000 0.300000 -0.000740
1.700000 0.400000 -0.000675
1.700000 0.300000 -0.001120


1.100000 0.600000 0.014610
1.200000 0.600000 0.007473
1.100000 0.700000 0.003757
1.100000 0.600000 0.014610


1.100000 0.700000 0.003757
1.200000 0.700000 0.001911
1.100000 0.800000 -0.007961
1.100000 0.700000 0.003757


1.100000 0.600000 0.014610
1.200000 0.500000 0.009136
1.200000 0.600000 0.007473
1.100000 0.600000 0.014610


1.100000 0.700000 0.003757
1.200000 0.600000 0.007473
1.200000 0.700000 0.001911
1.100000 0.700000 0.003757


1.500000 0.800000 -0.001343
1.600000 0.800000 -0.000981
1.500000 0.900000 -0.001769
1.500000 0.800000 -0.001343


1.300000 0.900000 -0.004323
1.300000 1.000000 -0.007692
1.200000 0.900000 -0.007246
1.300000 0.900000 -0.004323


1.200000 0.800000 -0.004599
1.100000 0.900000 -0.012582
1.100000 0.800000 -0.007961
1.200000 0.800000 -0.004599


1.100000 0.900000 -0.012582
1.200000 0.800000 -0.004599
1.200000 0.900000 -0.007246
1.100000 0.900000 -0.012582


1.200000 1.000000 -0.012882
1.200000 0.900000 -0.007246
1.300000 1.000000 -0.007692
1.200000 1.000000 -0.012882


1.300000 0.100000 -0.008726
1.300000 0.000000 -0.011498
1.400000 0.000000 -0.007502
1.300000 0.100000 -0.008726


1.400000 0.000000 -0.007502
1.400000 0.100000 -0.005857
1.300000 0.100000 -0.008726
1.400000 0.000000 -0.007502


1.200000 0.400000 0.005677
1.300000 0.400000 0.002092
1.200000 0.500000 0.009136
1.200000 0.400000 0.005677


1.300000 0.200000 -0.005725
1.200000 0.200000 -0.008065
1.300000 0.100000 -0.008726
1.300000 0.200000 -0.005725


1.200000 0.500000 0.009136
1.300000 0.500000 0.004164
1.200000 0.600000 0.007473
1.200000 0.500000 0.009136


1.200000 0.300000 -0.000966
1.300000 0.200000 -0.005725
1.300000 0.300000 -0.001689
1.200000 0.300000 -0.000966


1.200000 0.600000 0.007473
1.300000 0.600000 0.003550
1.200000 0.700000 0.001911
1.200000 0.600000 0.007473


1.200000 0.400000 0.005677
1.300000 0.300000 -0.001689
1.300000 0.400000 0.002092
1.200000 0.400000 0.005677


1.200000 0.500000 0.009136
1.300000 0.400000 0.002092
1.300000 0.500000 0.004164
1.200000 0.500000 0.009136


2.000000 0.400000 -0.000203
2.000000 0.500000 -0.000154
1.900000 0.400000 -0.000278
2.000000 0.400000 -0.000203


1.400000 0.700000 0.000036
1.500000 0.700000 -0.000314
1.400000 0.800000 -0.001892
1.400000 0.700000 0.000036


1.200000 0.700000 0.001911
1.300000 0.700000 0.000725
1.200000 0.800000 -0.004599
1.200000 0.700000 0.001911


1.200000 0.800000 -0.004599
1.300000 0.700000 0.000725
1.300000 0.800000 -0.002841
1.200000 0.800000 -0.004599


1.200000 0.700000 0.001911
1.300000 0.600000 0.003550
1.300000 0.700000 0.000725
1.200000 0.700000 0.001911


1.400000 0.900000 -0.002702
1.400000 1.000000 -0.004696
1.300000 0.900000 -0.004323
1.400000 0.900000 -0.002702


1.200000 0.800000 -0.004599
1.300000 0.800000 -0.002841
1.200000 0.900000 -0.007246
1.200000 0.800000 -0.004599


1.200000 0.900000 -0.007246
1.300000 0.800000 -0.002841
1.300000 0.900000 -0.004323
1.200000 0.900000 -0.007246


1.300000 1.000000 -0.007692
1.300000 0.900000 -0.004323
1.400000 1.000000 -0.004696
1.300000 1.000000 -0.007692


1.300000 0.100000 -0.008726
1.400000 0.100000 -0.005857
1.300000 0.200000 -0.005725
1.300000 0.100000 -0.008726


1.400000 0.000000 -0.007502
1.500000 0.000000 -0.005005
1.400000 0.100000 -0.005857
1.400000 0.000000 -0.007502


1.300000 0.300000 -0.001689
1.400000 0.300000 -0.001860
1.300000 0.400000 0.002092
1.300000 0.300000 -0.001689


1.300000 0.200000 -0.005725
1.400000 0.100000 -0.005857
1.400000 0.200000 -0.004171
1.300000 0.200000 -0.005725


1.300000 0.500000 0.004164
1.400000 0.500000 0.001606
1.300000 0.600000 0.003550
1.300000 0.500000 0.004164


1.300000 0.300000 -0.001689
1.400000 0.200000 -0.004171
1.400000 0.300000 -0.001860
1.300000 0.300000 -0.001689


1.300000 0.400000 0.002092
1.400000 0.300000 -0.001860
1.400000 0.400000 0.000331
1.300000 0.400000 0.002092


1.900000 0.300000 -0.000394
1.900000 0.200000 -0.000486
2.000000 0.300000 -0.000225
1.900000 0.300000 -0.000394


1.300000 0.600000 0.003550
1.400000 0.500000 0.001606
1.400000 0.600000 0.001448
1.300000 0.600000 0.003550


1.300000 0.500000 0.004164
1.400000 0.400000 0.000331
1.400000 0.500000 0.001606
1.300000 0.500000 0.004164


2.000000 0.500000 -0.000154
2.000000 0.600000 -0.000101
1.900000 0.500000 -0.000180
2.000000 0.500000 -0.000154


1.300000 0.700000 0.000725
1.400000 0.700000 0.000036
1.300000 0.800000 -0.002841
1.300000 0.700000 0.000725


1.300000 0.800000 -0.002841
1.400000 0.700000 0.000036
1.400000 0.800000 -0.001892
1.300000 0.800000 -0.002841


1.300000 0.700000 0.000725
1.400000 0.600000 0.001448
1.400000 0.700000 0.000036
1.300000 0.700000 0.000725


1.400000 0.900000 -0.002702
1.500000 0.800000 -0.001343
1.500000 0.900000 -0.001769
1.400000 0.900000 -0.002702


1.400000 0.800000 -0.001892
1.300000 0.900000 -0.004323
1.300000 0.800000 -0.002841
1.400000 0.800000 -0.001892


1.300000 0.900000 -0.004323
1.400000 0.800000 -0.001892
1.400000 0.900000 -0.002702
1.300000 0.900000 -0.004323


1.400000 1.000000 -0.004696
1.400000 0.900000 -0.002702
1.500000 1.000000 -0.002948
1.400000 1.000000 -0.004696


1.500000 0.000000 -0.005005
1.600000 0.000000 -0.003378
1.500000 0.100000 -0.004015
1.500000 0.000000 -0.005005


1.400000 0.300000 -0.001860
1.500000 0.300000 -0.001737
1.400000 0.400000 0.000331
1.400000 0.300000 -0.001860


1.500000 0.200000 -0.003068
1.400000 0.200000 -0.004171
1.500000 0.100000 -0.004015
1.500000 0.200000 -0.003068


1.500000 0.200000 -0.003068
1.600000 0.200000 -0.002233
1.500000 0.300000 -0.001737
1.500000 0.200000 -0.003068


1.400000 0.400000 0.000331
1.500000 0.400000 -0.000450
1.400000 0.500000 0.001606
1.400000 0.400000 0.000331


1.400000 0.300000 -0.001860
1.500000 0.200000 -0.003068
1.500000 0.300000 -0.001737
1.400000 0.300000 -0.001860


1.400000 0.500000 0.001606
1.500000 0.500000 0.000349
1.400000 0.600000 0.001448
1.400000 0.500000 0.001606


1.400000 0.400000 0.000331
1.500000 0.300000 -0.001737
1.500000 0.400000 -0.000450
1.400000 0.400000 0.000331


1.400000 0.600000 0.001448
1.500000 0.600000 0.000374
1.400000 0.700000 0.000036
1.400000 0.600000 0.001448


1.400000 0.500000 0.001606
1.500000 0.400000 -0.000450
1.500000 0.500000 0.000349
1.400000 0.500000 0.001606


1.400000 0.600000 0.001448
1.500000 0.500000 0.000349
1.500000 0.600000 0.000374
1.400000 0.600000 0.001448


1.700000 0.600000 -0.000281
1.800000 0.600000 -0.000262
1.700000 0.700000 -0.000425
1.700000 0.600000 -0.000281


1.400000 0.700000 0.000036
1.500000 0.600000 0.000374
1.500000 0.700000 -0.000314
1.400000 0.700000 0.000036


1.900000 0.600000 -0.000133
2.000000 0.700000 -0.000065
1.900000 0.700000 -0.000146
1.900000 0.600000 -0.000133


1.700000 0.900000 -0.000792
1.800000 0.900000 -0.000472
1.800000 1.000000 -0.000773
1.700000 0.900000 -0.000792


1.400000 0.800000 -0.001892
1.500000 0.700000 -0.000314
1.500000 0.800000 -0.001343
1.400000 0.800000 -0.001892


1.500000 1.000000 -0.002948
1.500000 0.900000 -0.001769
1.600000 1.000000 -0.001897
1.500000 1.000000 -0.002948


1.500000 1.000000 -0.002948
1.400000 0.900000 -0.002702
1.500000 0.900000 -0.001769
1.500000 1.000000 -0.002948


1.600000 0.100000 -0.002765
1.600000 0.000000 -0.003378
1.700000 0.000000 -0.002260
1.600000 0.100000 -0.002765


1.700000 0.100000 -0.001863
1.800000 0.100000 -0.001167
1.700000 0.200000 -0.001560
1.700000 0.100000 -0.001863


1.500000 0.300000 -0.001737
1.600000 0.300000 -0.001465
1.500000 0.400000 -0.000450
1.500000 0.300000 -0.001737


1.500000 0.200000 -0.003068
1.600000 0.100000 -0.002765
1.600000 0.200000 -0.002233
1.500000 0.200000 -0.003068


1.500000 0.400000 -0.000450
1.600000 0.400000 -0.000704
1.500000 0.500000 0.000349
1.500000 0.400000 -0.000450


1.500000 0.300000 -0.001737
1.600000 0.200000 -0.002233
1.600000 0.300000 -0.001465
1.500000 0.300000 -0.001737


1.500000 0.500000 0.000349
1.600000 0.500000 -0.000200
1.500000 0.600000 0.000374
1.500000 0.500000 0.000349


1.500000 0.400000 -0.000450
1.600000 0.300000 -0.001465
1.600000 0.400000 -0.000704
1.500000 0.400000 -0.000450


1.500000 0.600000 0.000374
1.600000 0.600000 -0.000118
1.500000 0.700000 -0.000314
1.500000 0.600000 0.000374


1.500000 0.500000 0.000349
1.600000 0.400000 -0.000704
1.600000 0.500000 -0.000200
1.500000 0.500000 0.000349


1.500000 0.700000 -0.000314
1.600000 0.700000 -0.000440
1.500000 0.800000 -0.001343
1.500000 0.700000 -0.000314


1.500000 0.600000 0.000374
1.600000 0.500000 -0.000200
1.600000 0.600000 -0.000118
1.500000 0.600000 0.000374


1.500000 0.700000 -0.000314
1.600000 0.600000 -0.000118
1.600000 0.700000 -0.000440
1.500000 0.700000 -0.000314


1.700000 0.800000 -0.000703
1.800000 0.800000 -0.000458
1.700000 0.900000 -0.000792
1.700000 0.800000 -0.000703


1.600000 0.900000 -0.001192
1.600000 1.000000 -0.001897
1.500000 0.900000 -0.001769
1.600000 0.900000 -0.001192


1.500000 0.800000 -0.001343
1.600000 0.700000 -0.000440
1.600000 0.800000 -0.000981
1.500000 0.800000 -0.001343


1.500000 0.900000 -0.001769
1.600000 0.800000 -0.000981
1.600000 0.900000 -0.001192
1.500000 0.900000 -0.001769


1.600000 1.000000 -0.001897
1.600000 0.900000 -0.001192
1.700000 1.000000 -0.001229
1.600000 1.000000 -0.001897


1.600000 0.200000 -0.002233
1.700000 0.200000 -0.001560
1.600000 0.300000 -0.001465
1.600000 0.200000 -0.002233


1.700000 0.000000 -0.002260
1.800000 0.000000 -0.001451
1.700000 0.100000 -0.001863
1.700000 0.000000 -0.002260


1.600000 0.300000 -0.001465
1.700000 0.300000 -0.001120
1.600000 0.400000 -0.000704
1.600000 0.300000 -0.001465


1.600000 0.200000 -0.002233
1.700000 0.100000 -0.001863
1.700000 0.200000 -0.001560
1.600000 0.200000 -0.002233


1.600000 0.400000 -0.000704
1.700000 0.400000 -0.000675
1.600000 0.500000 -0.000200
1.600000 0.400000 -0.000704


1.600000 0.300000 -0.001465
1.700000 0.200000 -0.001560
1.700000 0.300000 -0.001120
1.600000 0.300000 -0.001465


1.600000 0.500000 -0.000200
1.700000 0.500000 -0.000365
1.600000 0.600000 -0.000118
1.600000 0.500000 -0.000200


1.600000 0.400000 -0.000704
1.700000 0.300000 -0.001120
1.700000 0.400000 -0.000675
1.600000 0.400000 -0.000704


1.600000 0.600000 -0.000118
1.700000 0.600000 -0.000281
1.600000 0.700000 -0.000440
1.600000 0.600000 -0.000118


1.600000 0.500000 -0.000200
1.700000 0.400000 -0.000675
1.700000 0.500000 -0.000365
1.600000 0.500000 -0.000200


1.600000 0.700000 -0.000440
1.700000 0.700000 -0.000425
1.600000 0.800000 -0.000981
1.600000 0.700000 -0.000440


1.600000 0.600000 -0.000118
1.700000 0.500000 -0.000365
1.700000 0.600000 -0.000281
1.600000 0.600000 -0.000118


1.600000 0.800000 -0.000981
1.700000 0.800000 -0.000703
1.600000 0.900000 -0.001192
1.600000 0.800000 -0.000981


1.600000 0.700000 -0.000440
1.700000 0.600000 -0.000281
1.700000 0.700000 -0.000425
1.600000 0.700000 -0.000440


1.600000 0.800000 -0.000981
1.700000 0.700000 -0.000425
1.700000 0.800000 -0.000703
1.600000 0.800000 -0.000981


1.700000 1.000000 -0.001229
1.700000 0.900000 -0.000792
1.800000 1.000000 -0.000773
1.700000 1.000000 -0.001229


1.600000 0.900000 -0.001192
1.700000 0.800000 -0.000703
1.700000 0.900000 -0.000792
1.600000 0.900000 -0.001192


1.800000 1.000000 -0.000773
1.800000 0.900000 -0.000472
1.900000 1.000000 -0.000357
1.800000 1.000000 -0.000773


1.900000 0.100000 -0.000521
1.800000 0.100000 -0.001167
1.900000 0.000000 -0.000669
1.900000 0.100000 -0.000521


1.800000 0.200000 -0.000979
1.700000 0.300000 -0.001120
1.700000 0.200000 -0.001560
1.800000 0.200000 -0.000979


1.700000 0.200000 -0.001560
1.800000 0.100000 -0.001167
1.800000 0.200000 -0.000979
1.700000 0.200000 -0.001560


2.000000 0.200000 -0.000199
2.000000 0.300000 -0.000225
1.900000 0.200000 -0.000486
2.000000 0.200000 -0.000199


1.700000 0.300000 -0.001120
1.800000 0.200000 -0.000979
1.800000 0.300000 -0.000740
1.700000 0.300000 -0.001120


2.000000 0.300000 -0.000225
2.000000 0.400000 -0.000203
1.900000 0.300000 -0.000394
2.000000 0.300000 -0.000225


1.700000 0.500000 -0.000365
1.800000 0.400000 -0.000497
1.800000 0.500000 -0.000321
1.700000 0.500000 -0.000365


1.700000 0.400000 -0.000675
1.800000 0.300000 -0.000740
1.800000 0.400000 -0.000497
1.700000 0.400000 -0.000675


1.900000 0.500000 -0.000180
1.900000 0.400000 -0.000278
2.000000 0.500000 -0.000154
1.900000 0.500000 -0.000180


1.700000 0.500000 -0.000365
1.800000 0.500000 -0.000321
1.700000 0.600000 -0.000281
1.700000 0.500000 -0.000365


1.700000 0.600000 -0.000281
1.800000 0.500000 -0.000321
1.800000 0.600000 -0.000262
1.700000 0.600000 -0.000281


2.000000 0.600000 -0.000101
2.000000 0.700000 -0.000065
1.900000 0.600000 -0.000133
2.000000 0.600000 -0.000101


1.700000 0.700000 -0.000425
1.800000 0.600000 -0.000262
1.800000 0.700000 -0.000323
1.700000 0.700000 -0.000425


2.000000 0.700000 -0.000065
2.000000 0.800000 -0.000060
1.900000 0.700000 -0.000146
2.000000 0.700000 -0.000065


1.700000 0.800000 -0.000703
1.800000 0.700000 -0.000323
1.800000 0.800000 -0.000458
1.700000 0.800000 -0.000703


1.900000 0.900000 -0.000262
1.900000 1.000000 -0.000357
1.800000 0.900000 -0.000472
1.900000 0.900000 -0.000262


1.700000 0.900000 -0.000792
1.800000 0.800000 -0.000458
1.800000 0.900000 -0.000472
1.700000 0.900000 -0.000792


1.900000 1.000000 -0.000357
1.900000 0.900000 -0.000262
1.950000 0.950000 -0.000163
1.900000 1.000000 -0.000357


1.900000 0.100000 -0.000521
1.950000 0.050000 -0.000244
2.000000 0.100000 -0.000059
1.900000 0.100000 -0.000521


2.000000 0.100000 -0.000059
2.000000 0.200000 -0.000199
1.900000 0.100000 -0.000521
2.000000 0.100000 -0.000059


1.800000 0.200000 -0.000979
1.900000 0.200000 -0.000486
1.800000 0.300000 -0.000740
1.800000 0.200000 -0.000979


1.900000 0.200000 -0.000486
1.800000 0.200000 -0.000979
1.900000 0.100000 -0.000521
1.900000 0.200000 -0.000486


1.800000 0.300000 -0.000740
1.900000 0.300000 -0.000394
1.800000 0.400000 -0.000497
1.800000 0.300000 -0.000740


1.900000 0.300000 -0.000394
1.800000 0.300000 -0.000740
1.900000 0.200000 -0.000486
1.900000 0.300000 -0.000394


1.800000 0.400000 -0.000497
1.900000 0.400000 -0.000278
1.800000 0.500000 -0.000321
1.800000 0.400000 -0.000497


1.900000 0.400000 -0.000278
1.800000 0.400000 -0.000497
1.900000 0.300000 -0.000394
1.900000 0.400000 -0.000278


1.800000 0.500000 -0.000321
1.900000 0.500000 -0.000180
1.800000 0.600000 -0.000262
1.800000 0.500000 -0.000321


1.900000 0.500000 -0.000180
1.800000 0.500000 -0.000321
1.900000 0.400000 -0.000278
1.900000 0.500000 -0.000180


1.800000 0.600000 -0.000262
1.900000 0.600000 -0.000133
1.800000 0.700000 -0.000323
1.800000 0.600000 -0.000262


1.900000 0.600000 -0.000133
1.800000 0.600000 -0.000262
1.900000 0.500000 -0.000180
1.900000 0.600000 -0.000133


1.900000 0.700000 -0.000146
1.800000 0.800000 -0.000458
1.800000 0.700000 -0.000323
1.900000 0.700000 -0.000146


1.900000 0.700000 -0.000146
1.800000 0.700000 -0.000323
1.900000 0.600000 -0.000133
1.900000 0.700000 -0.000146


1.900000 0.800000 -0.000205
1.800000 0.900000 -0.000472
1.800000 0.800000 -0.000458
1.900000 0.800000 -0.000205


1.800000 0.800000 -0.000458
1.900000 0.700000 -0.000146
1.900000 0.800000 -0.000205
1.800000 0.800000 -0.000458


1.800000 0.900000 -0.000472
1.900000 0.800000 -0.000205
1.900000 0.900000 -0.000262
1.800000 0.900000 -0.000472


2.000000 0.900000 -0.000108
1.950000 0.950000 -0.000163
1.900000 0.900000 -0.000262
2.000000 0.900000 -0.000108


0.500000 0.300000 -0.445311
0.522693 0.423286 -0.245027
0.447709 0.439456 -0.935004
0.500000 0.300000 -0.445311


0.600000 0.600000 0.260680
0.543224 0.567318 0.100904
0.580000 0.500000 0.741819
0.600000 0.600000 0.260680


0.500000 0.700000 -0.382972
0.466708 0.572744 -0.808631
0.543224 0.567318 0.100904
0.500000 0.700000 -0.382972


0.300000 0.500000 -1.157946
0.400000 0.400000 -1.076414
0.420801 0.511290 -1.407544
0.300000 0.500000 -1.157946


0.420801 0.511290 -1.407544
0.400000 0.600000 -0.989910
0.300000 0.500000 -1.157946
0.420801 0.511290 -1.407544


0.420801 0.511290 -1.407544
0.400000 0.400000 -1.076414
0.447709 0.439456 -0.935004
0.420801 0.511290 -1.407544


0.576814 0.477647 0.484474
0.700000 0.500000 0.409121
0.580000 0.500000 0.741819
0.576814 0.477647 0.484474


0.522693 0.423286 -0.245027
0.500000 0.300000 -0.445311
0.600000 0.400000 0.051786
0.522693 0.423286 -0.245027


0.522693 0.423286 -0.245027
0.600000 0.400000 0.051786
0.576814 0.477647 0.484474
0.522693 0.423286 -0.245027


